2959	07107	2013-06-01	0	26.4396
2959	07107	2013-06-01	1	26.4396
2959	07107	2013-06-01	2	25.8387
2959	07107	2013-06-01	3	22.834200000000003
2959	07107	2013-06-01	4	24.486674999999998
2959	07107	2013-06-01	5	22.233300000000003
2959	07107	2013-06-01	6	39.509175
2959	07107	2013-06-01	7	49.8747
2959	07107	2013-06-01	8	43.415025
2959	07107	2013-06-01	9	43.41502500000001
2959	07107	2013-06-01	10	41.762550000000005
2959	07107	2013-06-01	11	37.2558
2959	07107	2013-06-01	12	33.34995
2959	07107	2013-06-01	13	33.34995
2959	07107	2013-06-01	14	30.495675000000002
2959	07107	2013-06-01	15	29.293875
2959	07107	2013-06-01	16	28.843200000000003
2959	07107	2013-06-01	17	27.190725
2959	07107	2013-06-01	18	25.53825
2959	07107	2013-06-01	19	23.585325
2959	07107	2013-06-01	20	25.688474999999997
2959	07107	2013-06-01	21	27.0405
2959	07107	2013-06-01	22	24.937350000000002
2959	07107	2013-06-01	23	24.937350000000002
2959	07107	2013-06-02	0	25.171499999999998
2959	07107	2013-06-02	0	24.0075
2959	07107	2013-06-02	1	23.571
2959	07107	2013-06-02	2	23.7165
2959	07107	2013-06-02	3	21.3885
2959	07107	2013-06-02	4	21.3885
2959	07107	2013-06-02	5	24.0075
2959	07107	2013-06-02	6	22.552500000000002
2959	07107	2013-06-02	7	21.3885
2959	07107	2013-06-02	8	23.134500000000003
2959	07107	2013-06-02	9	22.406999999999996
2959	07107	2013-06-02	10	23.134500000000003
2959	07107	2013-06-02	11	22.989
2959	07107	2013-06-02	12	23.134500000000003
2959	07107	2013-06-02	13	24.153
2959	07107	2013-06-02	14	24.153
2959	07107	2013-06-02	15	24.0075
2959	07107	2013-06-02	16	23.7165
2959	07107	2013-06-02	17	23.862000000000002
2959	07107	2013-06-02	18	26.335500000000003
2959	07107	2013-06-02	19	26.917499999999997
2959	07107	2013-06-02	20	23.862
2959	07107	2013-06-02	21	23.7165
2959	07107	2013-06-03	0	24.956640000000004
2959	07107	2013-06-03	1	23.387040000000002
2959	07107	2013-06-03	2	24.64272
2959	07107	2013-06-03	3	25.1136
2959	07107	2013-06-03	4	24.17184
2959	07107	2013-06-03	5	25.113599999999998
2959	07107	2013-06-03	6	29.19456
2959	07107	2013-06-03	7	38.76912
2959	07107	2013-06-03	8	41.43744
2959	07107	2013-06-03	9	46.77408
2959	07107	2013-06-03	10	44.105760000000004
2959	07107	2013-06-03	11	40.338719999999995
2959	07107	2013-06-03	12	34.84512
2959	07107	2013-06-03	13	38.4552
2959	07107	2013-06-03	14	44.105760000000004
2959	07107	2013-06-03	15	41.43744
2959	07107	2013-06-03	16	38.61216
2959	07107	2013-06-03	17	40.652640000000005
2959	07107	2013-06-03	18	34.06032
2959	07107	2013-06-03	19	31.235039999999998
2959	07107	2013-06-03	20	30.607200000000002
2959	07107	2013-06-03	21	25.74144
2959	07107	2013-06-03	22	25.1136
2959	07107	2013-06-03	23	27.15408
2959	07107	2013-06-04	0	24.64602
2959	07107	2013-06-04	1	23.45826
2959	07107	2013-06-04	2	23.606730000000002
2959	07107	2013-06-04	3	21.82509
2959	07107	2013-06-04	4	23.16132
2959	07107	2013-06-04	5	23.903669999999998
2959	07107	2013-06-04	6	30.28788
2959	07107	2013-06-04	7	36.67209
2959	07107	2013-06-04	8	35.6328
2959	07107	2013-06-04	9	38.75067
2959	07107	2013-06-04	10	36.37515
2959	07107	2013-06-04	11	45.28335
2959	07107	2013-06-04	12	41.86854
2959	07107	2013-06-04	13	39.64149
2959	07107	2013-06-04	14	43.204769999999996
2959	07107	2013-06-04	15	40.82925
2959	07107	2013-06-04	16	35.78127
2959	07107	2013-06-04	17	33.25728
2959	07107	2013-06-04	18	31.32717
2959	07107	2013-06-04	19	33.108810000000005
2959	07107	2013-06-04	20	33.40575
2959	07107	2013-06-04	21	34.445040000000006
2959	07107	2013-06-04	22	28.35777
2959	07107	2013-06-04	23	25.2399
2959	07107	2013-06-05	0	25.016849999999998
2959	07107	2013-06-05	1	26.25225
2959	07107	2013-06-05	2	26.5611
2959	07107	2013-06-05	3	26.25225
2959	07107	2013-06-05	4	26.715525
2959	07107	2013-06-05	5	26.406675
2959	07107	2013-06-05	6	26.86995
2959	07107	2013-06-05	7	35.981025
2959	07107	2013-06-05	8	35.2089
2959	07107	2013-06-05	9	40.45935
2959	07107	2013-06-05	10	38.9151
2959	07107	2013-06-05	11	45.555375000000005
2959	07107	2013-06-05	12	49.107150000000004
2959	07107	2013-06-05	13	38.142975
2959	07107	2013-06-05	14	39.687225
2959	07107	2013-06-05	15	38.142975
2959	07107	2013-06-05	16	36.13545
2959	07107	2013-06-05	17	37.834125
2959	07107	2013-06-05	18	36.289874999999995
2959	07107	2013-06-05	19	37.52527500000001
2959	07107	2013-06-05	20	35.51775
2959	07107	2013-06-05	21	29.0319
2959	07107	2013-06-05	22	26.097825
2959	07107	2013-06-05	23	28.877474999999997
2959	07107	2013-06-06	0	27.08253
2959	07107	2013-06-06	0	35.382015
2959	07107	2013-06-06	1	24.75285
2959	07107	2013-06-06	1	40.041375
2959	07107	2013-06-06	2	41.93424
2959	07107	2013-06-06	2	24.898455000000002
2959	07107	2013-06-06	3	24.607245000000002
2959	07107	2013-06-06	3	38.876535
2959	07107	2013-06-06	4	22.859985
2959	07107	2013-06-06	4	42.80787
2959	07107	2013-06-06	5	24.898455
2959	07107	2013-06-06	5	39.31335
2959	07107	2013-06-06	6	38.73093
2959	07107	2013-06-06	6	26.063295
2959	07107	2013-06-06	7	34.65398999999999
2959	07107	2013-06-06	7	36.838065
2959	07107	2013-06-06	8	32.178705
2959	07107	2013-06-06	8	32.906729999999996
2959	07107	2013-06-06	9	30.57705
2959	07107	2013-06-06	10	28.82979
2959	07107	2013-06-06	11	36.255645
2959	07107	2013-06-06	12	37.420485
2959	07107	2013-06-06	13	30.722655
2959	07107	2013-06-07	0	28.007925
2959	07107	2013-06-07	1	28.607025
2959	07107	2013-06-07	2	26.3604
2959	07107	2013-06-07	3	27.408824999999997
2959	07107	2013-06-07	4	27.708374999999997
2959	07107	2013-06-07	5	25.311974999999997
2959	07107	2013-06-07	6	31.003425
2959	07107	2013-06-07	7	41.188125
2959	07107	2013-06-07	8	43.1352
2959	07107	2013-06-07	9	41.188125
2959	07107	2013-06-07	10	44.03385
2959	07107	2013-06-07	11	53.769225
2959	07107	2013-06-07	12	51.37282499999999
2959	07107	2013-06-07	13	40.289474999999996
2959	07107	2013-06-07	14	49.275975
2959	07107	2013-06-07	15	49.575525
2959	07107	2013-06-07	16	48.676874999999995
2959	07107	2013-06-07	17	41.63745
2959	07107	2013-06-07	18	34.44825
2959	07107	2013-06-07	19	34.44825
2959	07107	2013-06-07	20	34.59802499999999
2959	07107	2013-06-07	21	33.399825
2959	07107	2013-06-07	22	34.448249999999994
2959	07107	2013-06-07	23	33.849149999999995
2959	07107	2013-06-08	0	31.06272
2959	07107	2013-06-08	1	29.270639999999997
2959	07107	2013-06-08	2	28.971959999999996
2959	07107	2013-06-08	3	26.8812
2959	07107	2013-06-08	4	26.58252
2959	07107	2013-06-08	5	27.17988
2959	07107	2013-06-08	6	34.94556
2959	07107	2013-06-08	7	44.65266
2959	07107	2013-06-08	8	41.21784
2959	07107	2013-06-08	9	45.69804
2959	07107	2013-06-08	10	53.46372
2959	07107	2013-06-08	11	51.372960000000006
2959	07107	2013-06-08	12	38.828399999999995
2959	07107	2013-06-08	13	32.8548
2959	07107	2013-06-08	14	31.21206
2959	07107	2013-06-08	15	30.16668
2959	07107	2013-06-08	16	32.40678
2959	07107	2013-06-08	17	29.868000000000002
2959	07107	2013-06-08	18	27.47856
2959	07107	2013-06-08	19	27.77724
2959	07107	2013-06-08	20	28.97196
2959	07107	2013-06-08	21	28.82262
2959	07107	2013-06-08	22	28.07592
2959	07107	2013-06-08	23	28.523939999999996
2959	07107	2013-06-09	0	26.063295
2959	07107	2013-06-09	1	24.898455000000002
2959	07107	2013-06-09	2	24.898455000000002
2959	07107	2013-06-09	3	24.316035000000003
2959	07107	2013-06-09	4	21.84075
2959	07107	2013-06-09	5	24.17043
2959	07107	2013-06-09	6	23.442405
2959	07107	2013-06-09	7	25.04406
2959	07107	2013-06-09	8	24.898455
2959	07107	2013-06-09	9	22.42317
2959	07107	2013-06-09	10	23.58801
2959	07107	2013-06-09	11	24.752850000000002
2959	07107	2013-06-09	12	25.04406
2959	07107	2013-06-09	13	25.772085
2959	07107	2013-06-09	14	25.772085
2959	07107	2013-06-09	15	24.752850000000002
2959	07107	2013-06-09	16	27.37374
2959	07107	2013-06-09	17	26.063295
2959	07107	2013-06-09	18	26.063295
2959	07107	2013-06-09	19	24.752850000000002
2959	07107	2013-06-09	20	25.480874999999997
2959	07107	2013-06-09	21	26.936925
2959	07107	2013-06-09	22	27.373739999999998
2959	07107	2013-06-09	23	28.53858
2959	07107	2013-06-10	0	27.472499999999997
2959	07107	2013-06-10	0	38.308875
2959	07107	2013-06-10	1	37.851
2959	07107	2013-06-10	1	28.540875
2959	07107	2013-06-10	2	26.404125
2959	07107	2013-06-10	2	31.44075
2959	07107	2013-06-10	3	28.540875
2959	07107	2013-06-10	3	33.882749999999994
2959	07107	2013-06-10	4	25.0305
2959	07107	2013-06-10	4	35.10375
2959	07107	2013-06-10	5	32.967
2959	07107	2013-06-10	5	24.11475
2959	07107	2013-06-10	6	31.898625000000003
2959	07107	2013-06-10	6	31.898625
2959	07107	2013-06-10	7	40.140375000000006
2959	07107	2013-06-10	8	41.81925
2959	07107	2013-06-10	9	40.445625
2959	07107	2013-06-10	10	43.956
2959	07107	2013-06-10	11	43.65075
2959	07107	2013-06-10	12	42.124500000000005
2959	07107	2013-06-10	13	41.514
2959	07107	2013-06-10	14	45.634874999999994
2959	07107	2013-06-10	15	44.413875000000004
2959	07107	2013-06-10	16	43.04025
2959	07107	2013-06-11	0	29.73096
2959	07107	2013-06-11	1	28.565040000000003
2959	07107	2013-06-11	2	31.04262
2959	07107	2013-06-11	3	26.08746
2959	07107	2013-06-11	4	28.12782
2959	07107	2013-06-11	5	25.06728
2959	07107	2013-06-11	6	30.45966
2959	07107	2013-06-11	7	40.51572
2959	07107	2013-06-11	8	41.97312
2959	07107	2013-06-11	9	39.495540000000005
2959	07107	2013-06-11	10	39.05832
2959	07107	2013-06-11	11	42.41034
2959	07107	2013-06-11	12	42.11886
2959	07107	2013-06-11	13	42.9933
2959	07107	2013-06-11	14	50.13456
2959	07107	2013-06-11	15	43.13904
2959	07107	2013-06-11	16	46.19958
2959	07107	2013-06-11	17	40.36998
2959	07107	2013-06-11	18	35.123340000000006
2959	07107	2013-06-11	19	39.64128
2959	07107	2013-06-11	20	33.082980000000006
2959	07107	2013-06-11	21	35.26908
2959	07107	2013-06-11	22	27.83634
2959	07107	2013-06-11	23	26.08746
2959	07107	2013-06-12	0	26.80392
2959	07107	2013-06-12	1	27.4131
2959	07107	2013-06-12	2	29.392935
2959	07107	2013-06-12	3	28.93605
2959	07107	2013-06-12	4	29.545230000000004
2959	07107	2013-06-12	5	25.737855
2959	07107	2013-06-12	6	28.783755
2959	07107	2013-06-12	7	35.94162
2959	07107	2013-06-12	8	39.5967
2959	07107	2013-06-12	9	42.6426
2959	07107	2013-06-12	10	44.317845
2959	07107	2013-06-12	11	49.03899
2959	07107	2013-06-12	12	44.77473
2959	07107	2013-06-12	13	52.99866
2959	07107	2013-06-12	14	47.059155000000004
2959	07107	2013-06-12	15	44.927025
2959	07107	2013-06-12	16	49.34358
2959	07107	2013-06-12	17	40.358174999999996
2959	07107	2013-06-12	18	35.180145
2959	07107	2013-06-12	19	36.703095
2959	07107	2013-06-12	20	39.90129
2959	07107	2013-06-12	21	37.76916
2959	07107	2013-06-12	22	36.246210000000005
2959	07107	2013-06-12	23	31.829655000000002
2959	07107	2013-06-13	0	30.100740000000002
2959	07107	2013-06-13	1	28.7394
2959	07107	2013-06-13	2	30.252000000000002
2959	07107	2013-06-13	3	27.075539999999997
2959	07107	2013-06-13	4	27.9831
2959	07107	2013-06-13	5	23.445300000000003
2959	07107	2013-06-13	6	31.613339999999997
2959	07107	2013-06-13	7	43.26036
2959	07107	2013-06-13	8	41.5965
2959	07107	2013-06-13	9	41.44524
2959	07107	2013-06-13	10	42.50406
2959	07107	2013-06-13	11	41.74776
2959	07107	2013-06-13	12	42.05028
2959	07107	2013-06-13	13	50.52084
2959	07107	2013-06-13	14	53.84855999999999
2959	07107	2013-06-13	15	48.70572
2959	07107	2013-06-13	16	43.8654
2959	07107	2013-06-13	17	37.20996
2959	07107	2013-06-13	18	39.47886
2959	07107	2013-06-13	19	39.93263999999999
2959	07107	2013-06-13	20	37.96626
2959	07107	2013-06-13	21	36.75618
2959	07107	2013-06-13	22	37.0587
2959	07107	2013-06-13	23	33.88224
2959	07107	2013-06-14	0	30.487680000000005
2959	07107	2013-06-14	1	31.39776
2959	07107	2013-06-14	2	29.5776
2959	07107	2013-06-14	3	28.51584
2959	07107	2013-06-14	4	29.72928
2959	07107	2013-06-14	5	27.3024
2959	07107	2013-06-14	6	38.22336
2959	07107	2013-06-14	7	45.807359999999996
2959	07107	2013-06-14	8	48.5376
2959	07107	2013-06-14	9	49.75104
2959	07107	2013-06-14	10	48.5376
2959	07107	2013-06-14	11	49.75104
2959	07107	2013-06-14	12	47.0208
2959	07107	2013-06-14	13	58.70016
2959	07107	2013-06-14	14	58.09344
2959	07107	2013-06-14	15	54.756479999999996
2959	07107	2013-06-14	16	54.45312
2959	07107	2013-06-14	17	40.34688
2959	07107	2013-06-14	18	39.588480000000004
2959	07107	2013-06-14	19	43.532160000000005
2959	07107	2013-06-14	20	41.10528
2959	07107	2013-06-14	21	33.97632
2959	07107	2013-06-14	22	35.18976
2959	07107	2013-06-14	23	36.09984
2959	07107	2013-06-15	0	32.425799999999995
2959	07107	2013-06-15	1	34.63665
2959	07107	2013-06-15	2	33.8997
2959	07107	2013-06-15	3	31.688850000000002
2959	07107	2013-06-15	4	28.44627
2959	07107	2013-06-15	5	30.21495
2959	07107	2013-06-15	6	45.10134000000001
2959	07107	2013-06-15	7	42.59571
2959	07107	2013-06-15	8	48.19653
2959	07107	2013-06-15	9	47.312189999999994
2959	07107	2013-06-15	10	48.04914
2959	07107	2013-06-15	11	47.754360000000005
2959	07107	2013-06-15	12	34.04709
2959	07107	2013-06-15	13	36.40533
2959	07107	2013-06-15	14	34.34187
2959	07107	2013-06-15	15	29.77278
2959	07107	2013-06-15	16	25.203689999999998
2959	07107	2013-06-15	17	25.49847
2959	07107	2013-06-15	18	23.72979
2959	07107	2013-06-15	19	23.14023
2959	07107	2013-06-15	20	27.85671
2959	07107	2013-06-15	21	28.44627
2959	07107	2013-06-15	22	29.478
2959	07107	2013-06-16	0	29.98173
2959	07107	2013-06-16	1	29.98173
2959	07107	2013-06-16	2	29.981730000000002
2959	07107	2013-06-16	3	29.827185
2959	07107	2013-06-16	4	27.972645
2959	07107	2013-06-16	5	26.736285000000002
2959	07107	2013-06-16	6	27.354465
2959	07107	2013-06-16	7	24.572655
2959	07107	2013-06-16	8	24.572655
2959	07107	2013-06-16	9	24.7272
2959	07107	2013-06-16	10	27.8181
2959	07107	2013-06-16	11	25.96356
2959	07107	2013-06-16	12	28.127190000000002
2959	07107	2013-06-16	13	25.34538
2959	07107	2013-06-16	14	26.736285
2959	07107	2013-06-16	15	29.518095000000002
2959	07107	2013-06-16	16	25.65447
2959	07107	2013-06-16	17	27.663555
2959	07107	2013-06-16	18	25.34538
2959	07107	2013-06-16	19	26.27265
2959	07107	2013-06-16	20	25.654470000000003
2959	07107	2013-06-16	21	28.590825000000002
2959	07107	2013-06-16	22	27.8181
2959	07107	2013-06-16	23	29.05446
2959	07107	2013-06-17	0	29.404515
2959	07107	2013-06-17	1	32.756325
2959	07107	2013-06-17	2	31.68984
2959	07107	2013-06-17	3	29.099805
2959	07107	2013-06-17	4	26.966835
2959	07107	2013-06-17	5	27.4239
2959	07107	2013-06-17	6	36.717555
2959	07107	2013-06-17	7	40.983495
2959	07107	2013-06-17	8	42.507045
2959	07107	2013-06-17	9	44.335305
2959	07107	2013-06-17	10	55.609575
2959	07107	2013-06-17	11	53.93367
2959	07107	2013-06-17	12	41.74527
2959	07107	2013-06-17	13	46.163565
2959	07107	2013-06-17	14	49.210665
2959	07107	2013-06-17	15	47.687115
2959	07107	2013-06-17	16	50.58186
2959	07107	2013-06-17	17	45.858855
2959	07107	2013-06-17	18	39.91701
2959	07107	2013-06-17	19	31.232775
2959	07107	2013-06-17	20	32.451615
2959	07107	2013-06-17	21	35.04165
2959	07107	2013-06-17	22	33.670455
2959	07107	2013-06-17	23	36.108135
2959	07107	2013-06-18	0	38.92608
2959	07107	2013-06-18	1	35.62992
2959	07107	2013-06-18	2	32.33376
2959	07107	2013-06-18	3	35.47296
2959	07107	2013-06-18	4	35.94384
2959	07107	2013-06-18	5	35.00208
2959	07107	2013-06-18	6	35.47296
2959	07107	2013-06-18	7	43.47792
2959	07107	2013-06-18	8	42.22224
2959	07107	2013-06-18	9	43.00704
2959	07107	2013-06-18	10	50.69808
2959	07107	2013-06-18	11	49.599360000000004
2959	07107	2013-06-18	12	52.424640000000004
2959	07107	2013-06-18	13	50.07024
2959	07107	2013-06-18	14	49.75632
2959	07107	2013-06-18	15	49.4424
2959	07107	2013-06-18	16	47.8728
2959	07107	2013-06-18	17	40.33872
2959	07107	2013-06-18	18	45.047520000000006
2959	07107	2013-06-18	19	41.28048
2959	07107	2013-06-18	20	43.948800000000006
2959	07107	2013-06-18	21	37.51344
2959	07107	2013-06-18	22	36.8856
2959	07107	2013-06-18	23	34.060320000000004
2959	07107	2013-06-19	0	48.438539999999996
2959	07107	2013-06-19	0	30.438720000000004
2959	07107	2013-06-19	1	63.80424
2959	07107	2013-06-19	1	33.07284
2959	07107	2013-06-19	2	32.1948
2959	07107	2013-06-19	2	77.70653999999999
2959	07107	2013-06-19	3	73.02366
2959	07107	2013-06-19	3	31.60944
2959	07107	2013-06-19	4	32.34114
2959	07107	2013-06-19	4	74.6334
2959	07107	2013-06-19	5	28.97532
2959	07107	2013-06-19	5	80.34066
2959	07107	2013-06-19	6	59.70672
2959	07107	2013-06-19	6	35.853300000000004
2959	07107	2013-06-19	7	43.31664
2959	07107	2013-06-19	7	62.77986
2959	07107	2013-06-19	8	60.292080000000006
2959	07107	2013-06-19	9	50.04828
2959	07107	2013-06-19	10	47.26782
2959	07107	2013-06-19	11	50.04828
2959	07107	2013-06-19	12	38.34108
2959	07107	2013-06-19	13	31.90212
2959	07107	2013-06-19	14	32.926500000000004
2959	07107	2013-06-20	0	37.435050000000004
2959	07107	2013-06-20	1	36.369825
2959	07107	2013-06-20	2	35.456775
2959	07107	2013-06-20	3	33.630675
2959	07107	2013-06-20	4	31.804575
2959	07107	2013-06-20	5	34.239374999999995
2959	07107	2013-06-20	6	37.7394
2959	07107	2013-06-20	7	47.78295
2959	07107	2013-06-20	8	63.60915
2959	07107	2013-06-20	9	65.587425
2959	07107	2013-06-20	10	67.56569999999999
2959	07107	2013-06-20	11	64.21785
2959	07107	2013-06-20	12	61.326525000000004
2959	07107	2013-06-20	13	68.63092499999999
2959	07107	2013-06-20	14	73.804875
2959	07107	2013-06-20	15	79.587525
2959	07107	2013-06-20	16	63.60915
2959	07107	2013-06-20	17	53.109075
2959	07107	2013-06-20	18	50.369925
2959	07107	2013-06-20	19	51.891675000000006
2959	07107	2013-06-20	20	53.26125
2959	07107	2013-06-20	21	48.543825
2959	07107	2013-06-20	22	36.522
2959	07107	2013-06-20	23	35.152425
2959	07107	2013-06-21	0	35.452635
2959	07107	2013-06-21	1	35.29782
2959	07107	2013-06-21	2	34.214115
2959	07107	2013-06-21	3	36.381525
2959	07107	2013-06-21	4	34.214115
2959	07107	2013-06-21	5	32.665965
2959	07107	2013-06-21	6	41.645235
2959	07107	2013-06-21	7	51.08895
2959	07107	2013-06-21	8	54.49488
2959	07107	2013-06-21	9	59.44896
2959	07107	2013-06-21	10	59.75859
2959	07107	2013-06-21	11	70.440825
2959	07107	2013-06-21	12	70.59564
2959	07107	2013-06-21	13	76.01416499999999
2959	07107	2013-06-21	14	80.81343
2959	07107	2013-06-21	15	78.33639
2959	07107	2013-06-21	16	68.1186
2959	07107	2013-06-21	17	59.139329999999994
2959	07107	2013-06-21	18	54.18525
2959	07107	2013-06-21	19	52.01784
2959	07107	2013-06-21	20	50.314875
2959	07107	2013-06-21	21	40.561530000000005
2959	07107	2013-06-21	22	37.000785
2959	07107	2013-06-21	23	36.536339999999996
2959	07107	2013-06-22	0	38.3022
2959	07107	2013-06-22	1	37.2123
2959	07107	2013-06-22	2	34.254
2959	07107	2013-06-22	3	32.697
2959	07107	2013-06-22	4	34.254000000000005
2959	07107	2013-06-22	5	30.8286
2959	07107	2013-06-22	6	40.3263
2959	07107	2013-06-22	7	60.41159999999999
2959	07107	2013-06-22	8	67.7295
2959	07107	2013-06-22	9	68.66369999999999
2959	07107	2013-06-22	10	66.95100000000001
2959	07107	2013-06-22	11	69.5979
2959	07107	2013-06-22	12	60.2559
2959	07107	2013-06-22	13	59.0103
2959	07107	2013-06-22	14	49.045500000000004
2959	07107	2013-06-22	15	56.052
2959	07107	2013-06-22	16	41.2605
2959	07107	2013-06-22	17	31.4514
2959	07107	2013-06-22	18	31.2957
2959	07107	2013-06-22	19	30.9843
2959	07107	2013-06-22	20	30.828599999999998
2959	07107	2013-06-22	21	31.4514
2959	07107	2013-06-22	22	32.0742
2959	07107	2013-06-22	23	35.188199999999995
2959	07107	2013-06-23	0	25.44912
2959	07107	2013-06-23	0	32.403240000000004
2959	07107	2013-06-23	1	31.66344
2959	07107	2013-06-23	1	27.52056
2959	07107	2013-06-23	2	31.36752
2959	07107	2013-06-23	2	26.78076
2959	07107	2013-06-23	3	32.69916
2959	07107	2013-06-23	3	25.44912
2959	07107	2013-06-23	4	27.81648
2959	07107	2013-06-23	4	31.36752
2959	07107	2013-06-23	5	28.408320000000003
2959	07107	2013-06-23	5	31.36752
2959	07107	2013-06-23	6	28.55628
2959	07107	2013-06-23	6	32.10732
2959	07107	2013-06-23	7	31.367520000000003
2959	07107	2013-06-23	7	30.03588
2959	07107	2013-06-23	8	27.07668
2959	07107	2013-06-23	9	25.59708
2959	07107	2013-06-23	10	24.85728
2959	07107	2013-06-23	11	27.964440000000003
2959	07107	2013-06-23	12	27.22464
2959	07107	2013-06-23	13	27.964439999999996
2959	07107	2013-06-23	14	28.408320000000003
2959	07107	2013-06-24	0	28.957485
2959	07107	2013-06-24	1	30.84918
2959	07107	2013-06-24	2	31.576755000000002
2959	07107	2013-06-24	3	31.431240000000003
2959	07107	2013-06-24	4	29.539545
2959	07107	2013-06-24	5	32.0133
2959	07107	2013-06-24	6	36.66978
2959	07107	2013-06-24	7	42.199349999999995
2959	07107	2013-06-24	8	43.217954999999996
2959	07107	2013-06-24	9	61.1163
2959	07107	2013-06-24	10	63.59005499999999
2959	07107	2013-06-24	11	63.44454
2959	07107	2013-06-24	12	62.134905
2959	07107	2013-06-24	13	65.19072
2959	07107	2013-06-24	14	67.37344499999999
2959	07107	2013-06-24	15	67.51896
2959	07107	2013-06-24	16	64.31763
2959	07107	2013-06-24	17	52.676429999999996
2959	07107	2013-06-24	18	48.60201000000001
2959	07107	2013-06-24	19	49.620615
2959	07107	2013-06-24	20	43.800015
2959	07107	2013-06-24	21	31.576755
2959	07107	2013-06-24	22	33.613965
2959	07107	2013-06-24	23	35.942205
2959	07107	2013-06-25	0	34.7988
2959	07107	2013-06-25	1	33.16992
2959	07107	2013-06-25	2	32.281439999999996
2959	07107	2013-06-25	3	34.65072
2959	07107	2013-06-25	4	34.94688
2959	07107	2013-06-25	5	33.61416
2959	07107	2013-06-25	6	38.20464
2959	07107	2013-06-25	7	43.53552
2959	07107	2013-06-25	8	45.1644
2959	07107	2013-06-25	9	57.010799999999996
2959	07107	2013-06-25	10	59.38008
2959	07107	2013-06-25	11	66.33984
2959	07107	2013-06-25	12	55.53
2959	07107	2013-06-25	13	57.15888
2959	07107	2013-06-25	14	58.04736
2959	07107	2013-06-25	15	57.60312
2959	07107	2013-06-25	16	53.45688
2959	07107	2013-06-25	17	55.67808
2959	07107	2013-06-25	18	47.82984
2959	07107	2013-06-25	19	33.46608
2959	07107	2013-06-25	20	34.7988
2959	07107	2013-06-25	21	34.20648
2959	07107	2013-06-25	22	33.02184
2959	07107	2013-06-25	23	34.94688
2959	07107	2013-06-26	0	32.96664
2959	07107	2013-06-26	1	35.853120000000004
2959	07107	2013-06-26	2	34.48584
2959	07107	2013-06-26	3	34.485839999999996
2959	07107	2013-06-26	4	33.87816
2959	07107	2013-06-26	5	31.903200000000002
2959	07107	2013-06-26	6	38.89152
2959	07107	2013-06-26	7	44.360640000000004
2959	07107	2013-06-26	8	41.47416
2959	07107	2013-06-26	9	41.0184
2959	07107	2013-06-26	10	44.0568
2959	07107	2013-06-26	11	45.424080000000004
2959	07107	2013-06-26	12	50.43744
2959	07107	2013-06-26	13	50.8932
2959	07107	2013-06-26	14	51.50088
2959	07107	2013-06-26	15	51.045120000000004
2959	07107	2013-06-26	16	46.48752
2959	07107	2013-06-26	17	41.92992
2959	07107	2013-06-26	18	40.86648
2959	07107	2013-06-26	19	38.739599999999996
2959	07107	2013-06-26	20	42.68952
2959	07107	2013-06-26	21	29.472480000000004
2959	07107	2013-06-26	22	30.232080000000003
2959	07107	2013-06-26	23	31.44744
2959	07107	2013-06-27	0	28.08576
2959	07107	2013-06-27	0	30.7188
2959	07107	2013-06-27	1	28.5246
2959	07107	2013-06-27	2	26.76924
2959	07107	2013-06-27	3	26.76924
2959	07107	2013-06-27	4	25.745279999999998
2959	07107	2013-06-27	5	26.3304
2959	07107	2013-06-27	6	34.08324
2959	07107	2013-06-27	7	39.05676
2959	07107	2013-06-27	8	41.25096
2959	07107	2013-06-27	9	40.66584
2959	07107	2013-06-27	10	39.64188
2959	07107	2013-06-27	11	41.83608
2959	07107	2013-06-27	12	48.272400000000005
2959	07107	2013-06-27	13	45.639359999999996
2959	07107	2013-06-27	14	51.78312
2959	07107	2013-06-27	15	45.63936
2959	07107	2013-06-27	16	41.54352
2959	07107	2013-06-27	17	39.64188
2959	07107	2013-06-27	18	35.39976
2959	07107	2013-06-27	19	28.81716
2959	07107	2013-06-27	20	29.548560000000002
2959	07107	2013-06-27	21	41.25096
2959	07107	2013-06-27	22	38.47164
2959	07107	2013-06-28	0	28.14912
2959	07107	2013-06-28	1	29.393280000000004
2959	07107	2013-06-28	2	29.08224
2959	07107	2013-06-28	3	27.83808
2959	07107	2013-06-28	4	30.79296
2959	07107	2013-06-28	5	29.237759999999998
2959	07107	2013-06-28	6	39.50208
2959	07107	2013-06-28	7	40.901759999999996
2959	07107	2013-06-28	8	54.74304
2959	07107	2013-06-28	9	53.809920000000005
2959	07107	2013-06-28	10	56.60928
2959	07107	2013-06-28	11	61.4304
2959	07107	2013-06-28	12	51.16608
2959	07107	2013-06-28	13	52.25472
2959	07107	2013-06-28	14	49.299839999999996
2959	07107	2013-06-28	15	58.16448
2959	07107	2013-06-28	16	52.25472
2959	07107	2013-06-28	17	43.85664
2959	07107	2013-06-28	18	42.612480000000005
2959	07107	2013-06-28	19	36.08064
2959	07107	2013-06-28	20	31.41504
2959	07107	2013-06-28	21	30.170879999999997
2959	07107	2013-06-28	22	31.415039999999998
2959	07107	2013-06-28	23	30.17088
2959	07107	2013-06-29	0	29.46195
2959	07107	2013-06-29	1	27.537300000000002
2959	07107	2013-06-29	2	27.981450000000002
2959	07107	2013-06-29	3	28.277549999999998
2959	07107	2013-06-29	4	23.53995
2959	07107	2013-06-29	5	24.8724
2959	07107	2013-06-29	6	34.79175
2959	07107	2013-06-29	7	42.49035
2959	07107	2013-06-29	8	43.5267
2959	07107	2013-06-29	9	43.08255
2959	07107	2013-06-29	10	42.78645
2959	07107	2013-06-29	11	47.52405
2959	07107	2013-06-29	12	35.976150000000004
2959	07107	2013-06-29	13	39.825450000000004
2959	07107	2013-06-29	14	29.461949999999998
2959	07107	2013-06-29	15	29.61
2959	07107	2013-06-29	16	27.2412
2959	07107	2013-06-29	17	25.02045
2959	07107	2013-06-29	18	25.61265
2959	07107	2013-06-29	19	24.576300000000003
2959	07107	2013-06-29	20	24.8724
2959	07107	2013-06-29	21	25.31655
2959	07107	2013-06-29	22	25.316550000000003
2959	07107	2013-06-29	23	24.42825
2959	07107	2013-06-30	0	22.526925
2959	07107	2013-06-30	1	22.526925000000002
2959	07107	2013-06-30	2	22.381590000000003
2959	07107	2013-06-30	3	23.2536
2959	07107	2013-06-30	4	22.962929999999997
2959	07107	2013-06-30	5	21.21891
2959	07107	2013-06-30	6	19.620225
2959	07107	2013-06-30	7	23.398934999999998
2959	07107	2013-06-30	8	20.63757
2959	07107	2013-06-30	9	23.253600000000002
2959	07107	2013-06-30	10	22.96293
2959	07107	2013-06-30	11	22.817594999999997
2959	07107	2013-06-30	12	21.21891
2959	07107	2013-06-30	13	22.236255
2959	07107	2013-06-30	14	21.800250000000002
2959	07107	2013-06-30	15	22.38159
2959	07107	2013-06-30	16	22.96293
2959	07107	2013-06-30	17	24.561615000000003
2959	07107	2013-06-30	18	24.70695
2959	07107	2013-06-30	19	19.910895
2959	07107	2013-06-30	20	22.67226
2959	07107	2013-06-30	21	22.381590000000003
2959	07107	2013-06-30	22	22.09092
2959	07107	2013-06-30	23	21.945584999999998
2959	07107	2013-07-01	0	20.54019
2959	07107	2013-07-01	1	20.080334999999998
2959	07107	2013-07-01	2	20.080335
2959	07107	2013-07-01	3	20.84676
2959	07107	2013-07-01	4	19.00734
2959	07107	2013-07-01	5	18.854055
2959	07107	2013-07-01	6	30.350429999999996
2959	07107	2013-07-01	7	35.25555
2959	07107	2013-07-01	8	35.56212
2959	07107	2013-07-01	9	37.70810999999999
2959	07107	2013-07-01	10	37.09497
2959	07107	2013-07-01	11	36.941685
2959	07107	2013-07-01	12	33.10956
2959	07107	2013-07-01	13	39.087675
2959	07107	2013-07-01	14	48.13149
2959	07107	2013-07-01	15	52.883325
2959	07107	2013-07-01	16	46.59864
2959	07107	2013-07-01	17	33.262845
2959	07107	2013-07-01	18	31.116855
2959	07107	2013-07-01	19	24.678885
2959	07107	2013-07-01	20	26.978160000000003
2959	07107	2013-07-01	21	30.197145
2959	07107	2013-07-01	22	27.897869999999998
2959	07107	2013-07-01	23	28.357725000000002
2959	07107	2013-07-02	0	26.454359999999998
2959	07107	2013-07-02	1	26.90022
2959	07107	2013-07-02	2	23.927819999999997
2959	07107	2013-07-02	3	25.116780000000002
2959	07107	2013-07-02	4	24.96816
2959	07107	2013-07-02	5	25.116780000000002
2959	07107	2013-07-02	6	34.03398
2959	07107	2013-07-02	7	34.62846
2959	07107	2013-07-02	8	37.8981
2959	07107	2013-07-02	9	34.182599999999994
2959	07107	2013-07-02	10	36.4119
2959	07107	2013-07-02	11	38.04672000000001
2959	07107	2013-07-02	12	37.74948
2959	07107	2013-07-02	13	43.248419999999996
2959	07107	2013-07-02	14	43.0998
2959	07107	2013-07-02	15	39.532920000000004
2959	07107	2013-07-02	16	40.42464
2959	07107	2013-07-02	17	34.33122
2959	07107	2013-07-02	18	25.56264
2959	07107	2013-07-02	19	27.791940000000004
2959	07107	2013-07-02	20	29.27814
2959	07107	2013-07-02	21	29.12952
2959	07107	2013-07-02	22	26.602980000000002
2959	07107	2013-07-02	23	27.940559999999998
2959	07107	2013-07-03	0	42.79275
2959	07107	2013-07-03	0	25.585875
2959	07107	2013-07-03	1	23.939999999999998
2959	07107	2013-07-03	1	33.665625
2959	07107	2013-07-03	2	25.885125000000002
2959	07107	2013-07-03	2	30.82275
2959	07107	2013-07-03	3	27.83025
2959	07107	2013-07-03	3	29.775375
2959	07107	2013-07-03	4	25.137
2959	07107	2013-07-03	4	30.224249999999998
2959	07107	2013-07-03	5	29.027250000000002
2959	07107	2013-07-03	5	25.136999999999997
2959	07107	2013-07-03	6	29.3265
2959	07107	2013-07-03	6	31.570875
2959	07107	2013-07-03	7	39.20175
2959	07107	2013-07-03	8	36.658125
2959	07107	2013-07-03	9	38.304
2959	07107	2013-07-03	10	44.588249999999995
2959	07107	2013-07-03	11	48.328875
2959	07107	2013-07-03	12	44.289
2959	07107	2013-07-03	13	46.98225
2959	07107	2013-07-03	14	44.8875
2959	07107	2013-07-03	15	44.588249999999995
2959	07107	2013-07-04	0	27.707790000000003
2959	07107	2013-07-04	1	29.48583
2959	07107	2013-07-04	2	26.52243
2959	07107	2013-07-04	3	28.44864
2959	07107	2013-07-04	4	24.74439
2959	07107	2013-07-04	5	23.55903
2959	07107	2013-07-04	6	30.37485
2959	07107	2013-07-04	7	35.70897
2959	07107	2013-07-04	8	38.22786000000001
2959	07107	2013-07-04	9	53.04486
2959	07107	2013-07-04	10	54.23022
2959	07107	2013-07-04	11	56.749109999999995
2959	07107	2013-07-04	12	53.19303
2959	07107	2013-07-04	13	64.89846
2959	07107	2013-07-04	14	69.78807
2959	07107	2013-07-04	15	72.30696
2959	07107	2013-07-04	16	65.93565
2959	07107	2013-07-04	17	51.563159999999996
2959	07107	2013-07-04	18	51.26682000000001
2959	07107	2013-07-04	19	44.15466000000001
2959	07107	2013-07-04	20	30.07851
2959	07107	2013-07-04	21	32.89374
2959	07107	2013-07-04	22	33.190079999999995
2959	07107	2013-07-04	23	36.15348
2959	07107	2013-07-05	0	32.87868
2959	07107	2013-07-05	1	32.15448
2959	07107	2013-07-05	2	30.706079999999996
2959	07107	2013-07-05	3	32.15448
2959	07107	2013-07-05	4	31.864800000000002
2959	07107	2013-07-05	5	32.00964
2959	07107	2013-07-05	6	37.51356
2959	07107	2013-07-05	7	41.85876
2959	07107	2013-07-05	8	39.1068
2959	07107	2013-07-05	9	38.3826
2959	07107	2013-07-05	10	38.961960000000005
2959	07107	2013-07-05	11	42.29328
2959	07107	2013-07-05	12	36.209999999999994
2959	07107	2013-07-05	13	34.47192
2959	07107	2013-07-05	14	31.719959999999997
2959	07107	2013-07-05	15	32.44416
2959	07107	2013-07-05	16	31.43028
2959	07107	2013-07-05	17	32.87868
2959	07107	2013-07-05	18	30.995759999999997
2959	07107	2013-07-05	19	32.00964
2959	07107	2013-07-05	20	35.63064
2959	07107	2013-07-05	21	32.87868
2959	07107	2013-07-05	22	34.47192
2959	07107	2013-07-05	23	35.77548
2959	07107	2013-07-06	0	34.539
2959	07107	2013-07-06	1	36.474374999999995
2959	07107	2013-07-06	2	35.730000000000004
2959	07107	2013-07-06	3	34.539
2959	07107	2013-07-06	4	33.199124999999995
2959	07107	2013-07-06	5	34.24125
2959	07107	2013-07-06	6	42.57825
2959	07107	2013-07-06	7	55.679249999999996
2959	07107	2013-07-06	8	53.743875
2959	07107	2013-07-06	9	51.8085
2959	07107	2013-07-06	10	54.339375000000004
2959	07107	2013-07-06	11	50.91525
2959	07107	2013-07-06	12	44.067
2959	07107	2013-07-06	13	34.687875
2959	07107	2013-07-06	14	32.45475
2959	07107	2013-07-06	15	33.9435
2959	07107	2013-07-06	16	28.435125
2959	07107	2013-07-06	17	30.817125
2959	07107	2013-07-06	18	28.28625
2959	07107	2013-07-06	19	24.713250000000002
2959	07107	2013-07-06	20	25.457625
2959	07107	2013-07-06	21	27.09525
2959	07107	2013-07-06	22	27.541875
2959	07107	2013-07-06	23	30.3705
2959	07107	2013-07-07	0	30.394845
2959	07107	2013-07-07	1	29.513835
2959	07107	2013-07-07	2	30.54168
2959	07107	2013-07-07	3	29.513835
2959	07107	2013-07-07	4	29.807505
2959	07107	2013-07-07	5	27.01764
2959	07107	2013-07-07	6	24.37461
2959	07107	2013-07-07	7	22.61259
2959	07107	2013-07-07	8	23.346765
2959	07107	2013-07-07	9	24.374609999999997
2959	07107	2013-07-07	10	25.25562
2959	07107	2013-07-07	11	24.37461
2959	07107	2013-07-07	12	24.96195
2959	07107	2013-07-07	13	26.870805
2959	07107	2013-07-07	14	27.31131
2959	07107	2013-07-07	15	28.045485
2959	07107	2013-07-07	16	28.045485
2959	07107	2013-07-07	17	27.31131
2959	07107	2013-07-07	18	24.815115
2959	07107	2013-07-07	19	22.759425
2959	07107	2013-07-07	20	23.053095
2959	07107	2013-07-07	21	25.989795
2959	07107	2013-07-07	22	28.045485
2959	07107	2013-07-07	23	30.24801
2959	07107	2013-07-08	0	30.28212
2959	07107	2013-07-08	1	30.12918
2959	07107	2013-07-08	2	28.14096
2959	07107	2013-07-08	3	27.68214
2959	07107	2013-07-08	4	29.976240000000004
2959	07107	2013-07-08	5	28.75272
2959	07107	2013-07-08	6	40.5291
2959	07107	2013-07-08	7	48.02316
2959	07107	2013-07-08	8	63.775980000000004
2959	07107	2013-07-08	9	63.01128
2959	07107	2013-07-08	10	64.84656
2959	07107	2013-07-08	11	64.99950000000001
2959	07107	2013-07-08	12	53.529
2959	07107	2013-07-08	13	54.59958
2959	07107	2013-07-08	14	61.175999999999995
2959	07107	2013-07-08	15	72.49356
2959	07107	2013-07-08	16	69.89358
2959	07107	2013-07-08	17	41.75261999999999
2959	07107	2013-07-08	18	29.36448
2959	07107	2013-07-08	19	24.164520000000003
2959	07107	2013-07-08	20	32.423280000000005
2959	07107	2013-07-08	21	35.9409
2959	07107	2013-07-08	22	35.787960000000005
2959	07107	2013-07-09	0	36.08412
2959	07107	2013-07-09	1	35.617515
2959	07107	2013-07-09	2	30.640395
2959	07107	2013-07-09	3	30.79593
2959	07107	2013-07-09	4	30.484859999999998
2959	07107	2013-07-09	5	32.195745
2959	07107	2013-07-09	6	38.106075
2959	07107	2013-07-09	7	40.439099999999996
2959	07107	2013-07-09	8	41.68338
2959	07107	2013-07-09	9	37.63947
2959	07107	2013-07-09	10	40.905705
2959	07107	2013-07-09	11	57.54795
2959	07107	2013-07-09	12	56.92581
2959	07107	2013-07-09	13	67.035585
2959	07107	2013-07-09	14	66.10237500000001
2959	07107	2013-07-09	15	70.92396000000001
2959	07107	2013-07-09	16	61.90293
2959	07107	2013-07-09	17	58.79223
2959	07107	2013-07-09	18	51.171015
2959	07107	2013-07-09	19	31.884675
2959	07107	2013-07-09	20	31.884675
2959	07107	2013-07-09	21	32.973420000000004
2959	07107	2013-07-09	22	33.440025
2959	07107	2013-07-09	23	34.52877
2959	07107	2013-07-10	0	35.45856
2959	07107	2013-07-10	1	35.458560000000006
2959	07107	2013-07-10	2	34.52544
2959	07107	2013-07-10	3	35.14752
2959	07107	2013-07-10	4	34.058879999999995
2959	07107	2013-07-10	5	33.28128
2959	07107	2013-07-10	6	36.70272
2959	07107	2013-07-10	7	43.23456
2959	07107	2013-07-10	8	42.145920000000004
2959	07107	2013-07-10	9	46.656
2959	07107	2013-07-10	10	62.208
2959	07107	2013-07-10	11	63.14112
2959	07107	2013-07-10	12	64.07424
2959	07107	2013-07-10	13	64.22976
2959	07107	2013-07-10	14	67.49568000000001
2959	07107	2013-07-10	15	72.47232
2959	07107	2013-07-10	16	58.63104
2959	07107	2013-07-10	17	39.81312
2959	07107	2013-07-10	18	32.19264
2959	07107	2013-07-10	19	31.8816
2959	07107	2013-07-10	20	32.503679999999996
2959	07107	2013-07-10	21	34.68096
2959	07107	2013-07-10	22	35.303039999999996
2959	07107	2013-07-10	23	36.39168000000001
2959	07107	2013-07-11	0	34.5912
2959	07107	2013-07-11	1	33.2493
2959	07107	2013-07-11	2	31.161900000000003
2959	07107	2013-07-11	3	30.863699999999998
2959	07107	2013-07-11	4	30.1182
2959	07107	2013-07-11	5	34.8894
2959	07107	2013-07-11	6	38.467800000000004
2959	07107	2013-07-11	7	46.6683
2959	07107	2013-07-11	8	46.221
2959	07107	2013-07-11	9	45.0282
2959	07107	2013-07-11	10	49.7994
2959	07107	2013-07-11	11	55.167
2959	07107	2013-07-11	12	64.4112
2959	07107	2013-07-11	13	57.1053
2959	07107	2013-07-11	14	59.490899999999996
2959	07107	2013-07-11	15	65.4549
2959	07107	2013-07-11	16	61.4292
2959	07107	2013-07-11	17	55.763400000000004
2959	07107	2013-07-11	18	46.6683
2959	07107	2013-07-11	19	31.9074
2959	07107	2013-07-11	20	33.5475
2959	07107	2013-07-11	21	30.5655
2959	07107	2013-07-11	22	31.161900000000003
2959	07107	2013-07-11	23	28.9254
2959	07107	2013-07-12	0	30.205440000000003
2959	07107	2013-07-12	0	50.97168
2959	07107	2013-07-12	1	30.20544
2959	07107	2013-07-12	1	50.97168
2959	07107	2013-07-12	2	29.1042
2959	07107	2013-07-12	2	52.07292
2959	07107	2013-07-12	3	57.264480000000006
2959	07107	2013-07-12	3	30.99204
2959	07107	2013-07-12	4	30.677400000000002
2959	07107	2013-07-12	4	57.10716000000001
2959	07107	2013-07-12	5	27.688319999999997
2959	07107	2013-07-12	5	49.87044
2959	07107	2013-07-12	6	61.51212
2959	07107	2013-07-12	6	37.7568
2959	07107	2013-07-12	7	65.2878
2959	07107	2013-07-12	8	70.0074
2959	07107	2013-07-12	9	57.73644
2959	07107	2013-07-12	10	50.81436
2959	07107	2013-07-12	11	35.71164
2959	07107	2013-07-12	12	33.8238
2959	07107	2013-07-12	13	34.925039999999996
2959	07107	2013-07-12	14	36.340920000000004
2959	07107	2013-07-12	15	35.71164
2959	07107	2013-07-13	0	30.995789999999996
2959	07107	2013-07-13	1	32.349975
2959	07107	2013-07-13	2	29.79207
2959	07107	2013-07-13	3	31.447184999999998
2959	07107	2013-07-13	4	30.39393
2959	07107	2013-07-13	5	30.092999999999996
2959	07107	2013-07-13	6	37.31532
2959	07107	2013-07-13	7	43.93578
2959	07107	2013-07-13	8	46.192755
2959	07107	2013-07-13	9	49.35252
2959	07107	2013-07-13	10	50.405775000000006
2959	07107	2013-07-13	11	51.609494999999995
2959	07107	2013-07-13	12	40.625550000000004
2959	07107	2013-07-13	13	36.1116
2959	07107	2013-07-13	14	25.729515
2959	07107	2013-07-13	15	23.77347
2959	07107	2013-07-13	16	25.87998
2959	07107	2013-07-13	17	24.074399999999997
2959	07107	2013-07-13	18	24.67626
2959	07107	2013-07-13	19	23.17161
2959	07107	2013-07-13	20	26.78277
2959	07107	2013-07-13	21	26.180909999999997
2959	07107	2013-07-13	22	27.535095
2959	07107	2013-07-13	23	26.48184
2959	07107	2013-07-14	0	25.97832
2959	07107	2013-07-14	1	27.3456
2959	07107	2013-07-14	2	27.19368
2959	07107	2013-07-14	3	24.91488
2959	07107	2013-07-14	4	30.83976
2959	07107	2013-07-14	5	25.978319999999997
2959	07107	2013-07-14	6	22.63608
2959	07107	2013-07-14	7	25.37064
2959	07107	2013-07-14	8	23.851440000000004
2959	07107	2013-07-14	9	23.39568
2959	07107	2013-07-14	10	21.72456
2959	07107	2013-07-14	11	22.180320000000002
2959	07107	2013-07-14	12	25.21872
2959	07107	2013-07-14	13	30.08016
2959	07107	2013-07-14	14	25.826400000000003
2959	07107	2013-07-14	15	24.459120000000002
2959	07107	2013-07-14	16	22.93992
2959	07107	2013-07-14	17	23.24376
2959	07107	2013-07-14	18	23.395680000000002
2959	07107	2013-07-14	19	23.85144
2959	07107	2013-07-14	20	30.23208
2959	07107	2013-07-14	21	26.88984
2959	07107	2013-07-14	22	26.434079999999998
2959	07107	2013-07-14	23	25.67448
2959	07107	2013-07-15	0	26.51088
2959	07107	2013-07-15	1	26.36025
2959	07107	2013-07-15	2	26.05899
2959	07107	2013-07-15	3	25.30584
2959	07107	2013-07-15	4	24.85395
2959	07107	2013-07-15	5	26.20962
2959	07107	2013-07-15	6	33.89175
2959	07107	2013-07-15	7	40.971360000000004
2959	07107	2013-07-15	8	42.47766
2959	07107	2013-07-15	9	42.92955
2959	07107	2013-07-15	10	43.983959999999996
2959	07107	2013-07-15	11	43.23081
2959	07107	2013-07-15	12	46.84593
2959	07107	2013-07-15	13	48.2016
2959	07107	2013-07-15	14	51.515460000000004
2959	07107	2013-07-15	15	51.06357
2959	07107	2013-07-15	16	47.59908
2959	07107	2013-07-15	17	36.60309
2959	07107	2013-07-15	18	32.23482
2959	07107	2013-07-15	19	31.33104
2959	07107	2013-07-15	20	27.565289999999997
2959	07107	2013-07-15	21	28.167810000000003
2959	07107	2013-07-15	22	28.46907
2959	07107	2013-07-15	23	29.824740000000002
2959	07107	2013-07-16	0	46.16271
2959	07107	2013-07-16	0	30.308849999999996
2959	07107	2013-07-16	1	29.997989999999998
2959	07107	2013-07-16	1	40.567229999999995
2959	07107	2013-07-16	2	27.200249999999997
2959	07107	2013-07-16	2	34.1946
2959	07107	2013-07-16	3	25.33509
2959	07107	2013-07-16	3	34.81632
2959	07107	2013-07-16	4	28.28826
2959	07107	2013-07-16	4	34.97175
2959	07107	2013-07-16	5	37.303200000000004
2959	07107	2013-07-16	5	26.88939
2959	07107	2013-07-16	6	33.883739999999996
2959	07107	2013-07-16	6	33.10659
2959	07107	2013-07-16	7	37.92492
2959	07107	2013-07-16	7	32.48487
2959	07107	2013-07-16	8	39.94551
2959	07107	2013-07-16	8	29.06541
2959	07107	2013-07-16	9	42.27696
2959	07107	2013-07-16	10	43.054109999999994
2959	07107	2013-07-16	11	44.297549999999994
2959	07107	2013-07-16	12	48.80502
2959	07107	2013-07-16	13	49.27131
2959	07107	2013-07-16	14	45.0747
2959	07107	2013-07-17	0	29.995875
2959	07107	2013-07-17	1	30.303524999999997
2959	07107	2013-07-17	2	30.611174999999996
2959	07107	2013-07-17	3	30.303525
2959	07107	2013-07-17	4	31.226474999999997
2959	07107	2013-07-17	5	28.3038
2959	07107	2013-07-17	6	35.841225
2959	07107	2013-07-17	7	40.6098
2959	07107	2013-07-17	8	44.30160000000001
2959	07107	2013-07-17	9	40.91745
2959	07107	2013-07-17	10	52.3005
2959	07107	2013-07-17	11	52.76197500000001
2959	07107	2013-07-17	12	47.839575
2959	07107	2013-07-17	13	50.608425000000004
2959	07107	2013-07-17	14	62.299125000000004
2959	07107	2013-07-17	15	62.1453
2959	07107	2013-07-17	16	58.914975
2959	07107	2013-07-17	17	40.91745
2959	07107	2013-07-17	18	43.37865
2959	07107	2013-07-17	19	45.5322
2959	07107	2013-07-17	20	44.763075
2959	07107	2013-07-17	21	50.4546
2959	07107	2013-07-17	22	33.995325
2959	07107	2013-07-17	23	33.53385
2959	07107	2013-07-18	0	35.739
2959	07107	2013-07-18	1	33.38775
2959	07107	2013-07-18	2	31.0365
2959	07107	2013-07-18	3	31.35
2959	07107	2013-07-18	4	28.68525
2959	07107	2013-07-18	5	28.99875
2959	07107	2013-07-18	6	35.58225
2959	07107	2013-07-18	7	41.852250000000005
2959	07107	2013-07-18	8	44.98725
2959	07107	2013-07-18	9	53.60850000000001
2959	07107	2013-07-18	10	57.056999999999995
2959	07107	2013-07-18	11	52.19775
2959	07107	2013-07-18	12	50.63025
2959	07107	2013-07-18	13	52.981500000000004
2959	07107	2013-07-18	14	54.2355
2959	07107	2013-07-18	15	52.51125
2959	07107	2013-07-18	16	53.765249999999995
2959	07107	2013-07-18	17	45.771
2959	07107	2013-07-18	18	39.65775
2959	07107	2013-07-18	19	37.46325
2959	07107	2013-07-18	20	37.77675
2959	07107	2013-07-18	21	40.4415
2959	07107	2013-07-18	22	39.501
2959	07107	2013-07-18	23	39.03075
2959	07107	2013-07-19	0	35.421825
2959	07107	2013-07-19	1	34.35765
2959	07107	2013-07-19	2	34.0536
2959	07107	2013-07-19	3	33.597525000000005
2959	07107	2013-07-19	4	32.685375
2959	07107	2013-07-19	5	29.948925000000003
2959	07107	2013-07-19	6	41.3508
2959	07107	2013-07-19	7	47.73585
2959	07107	2013-07-19	8	52.448625
2959	07107	2013-07-19	9	54.881024999999994
2959	07107	2013-07-19	10	67.955175
2959	07107	2013-07-19	11	72.51592500000001
2959	07107	2013-07-19	12	63.850500000000004
2959	07107	2013-07-19	13	69.171375
2959	07107	2013-07-19	14	67.4991
2959	07107	2013-07-19	15	72.211875
2959	07107	2013-07-19	16	75.86047500000001
2959	07107	2013-07-19	17	60.505950000000006
2959	07107	2013-07-19	18	56.705325
2959	07107	2013-07-19	19	50.16825
2959	07107	2013-07-19	20	55.489125
2959	07107	2013-07-19	21	48.648
2959	07107	2013-07-19	22	47.279775
2959	07107	2013-07-19	23	44.847375
2959	07107	2013-07-20	0	28.346310000000003
2959	07107	2013-07-20	0	38.73501
2959	07107	2013-07-20	1	36.95409
2959	07107	2013-07-20	2	36.80568
2959	07107	2013-07-20	3	35.76681000000001
2959	07107	2013-07-20	4	33.68907
2959	07107	2013-07-20	5	31.46292
2959	07107	2013-07-20	6	42.296850000000006
2959	07107	2013-07-20	7	52.537139999999994
2959	07107	2013-07-20	8	47.78802
2959	07107	2013-07-20	9	46.30392
2959	07107	2013-07-20	10	48.826890000000006
2959	07107	2013-07-20	11	49.717349999999996
2959	07107	2013-07-20	12	42.29685
2959	07107	2013-07-20	13	35.76681
2959	07107	2013-07-20	14	28.346310000000003
2959	07107	2013-07-20	15	28.049490000000002
2959	07107	2013-07-20	16	27.15903
2959	07107	2013-07-20	17	27.30744
2959	07107	2013-07-20	18	24.78447
2959	07107	2013-07-20	19	27.60426
2959	07107	2013-07-20	20	30.12723
2959	07107	2013-07-20	21	30.424049999999998
2959	07107	2013-07-21	0	28.456259999999997
2959	07107	2013-07-21	1	28.891814999999998
2959	07107	2013-07-21	2	26.1333
2959	07107	2013-07-21	3	27.294780000000003
2959	07107	2013-07-21	4	29.32737
2959	07107	2013-07-21	5	25.697744999999998
2959	07107	2013-07-21	6	28.311075000000002
2959	07107	2013-07-21	7	28.16589
2959	07107	2013-07-21	8	22.35849
2959	07107	2013-07-21	9	21.922935000000003
2959	07107	2013-07-21	10	23.955525
2959	07107	2013-07-21	11	25.988115
2959	07107	2013-07-21	12	23.665155000000002
2959	07107	2013-07-21	13	24.245895
2959	07107	2013-07-21	14	27.149595
2959	07107	2013-07-21	15	26.71404
2959	07107	2013-07-21	16	25.26219
2959	07107	2013-07-21	17	26.71404
2959	07107	2013-07-21	18	25.117005000000002
2959	07107	2013-07-21	19	28.020705
2959	07107	2013-07-21	20	28.16589
2959	07107	2013-07-21	21	27.29478
2959	07107	2013-07-21	22	28.45626
2959	07107	2013-07-21	23	27.58515
2959	07107	2013-07-22	0	30.02112
2959	07107	2013-07-22	1	29.08296
2959	07107	2013-07-22	2	29.23932
2959	07107	2013-07-22	3	28.9266
2959	07107	2013-07-22	4	29.23932
2959	07107	2013-07-22	5	26.581200000000003
2959	07107	2013-07-22	6	37.99548
2959	07107	2013-07-22	7	45.031679999999994
2959	07107	2013-07-22	8	44.24988
2959	07107	2013-07-22	9	42.06084
2959	07107	2013-07-22	10	43.31172
2959	07107	2013-07-22	11	48.627959999999995
2959	07107	2013-07-22	12	55.664159999999995
2959	07107	2013-07-22	13	53.00603999999999
2959	07107	2013-07-22	14	65.20212000000001
2959	07107	2013-07-22	15	69.5802
2959	07107	2013-07-22	16	62.85672
2959	07107	2013-07-22	17	54.10056
2959	07107	2013-07-22	18	50.660639999999994
2959	07107	2013-07-22	19	51.5988
2959	07107	2013-07-22	20	41.90448
2959	07107	2013-07-22	21	40.02816
2959	07107	2013-07-22	22	37.99548
2959	07107	2013-07-22	23	34.86828
2959	07107	2013-07-23	0	33.6
2959	07107	2013-07-23	1	33.75
2959	07107	2013-07-23	2	28.950000000000003
2959	07107	2013-07-23	3	31.799999999999997
2959	07107	2013-07-23	4	31.35
2959	07107	2013-07-23	5	33.0
2959	07107	2013-07-23	6	35.550000000000004
2959	07107	2013-07-23	7	46.65
2959	07107	2013-07-23	8	43.800000000000004
2959	07107	2013-07-23	9	45.6
2959	07107	2013-07-23	10	45.75
2959	07107	2013-07-23	11	46.199999999999996
2959	07107	2013-07-23	12	47.25
2959	07107	2013-07-23	13	51.0
2959	07107	2013-07-23	14	52.8
2959	07107	2013-07-23	15	51.15
2959	07107	2013-07-23	16	42.9
2959	07107	2013-07-23	17	37.8
2959	07107	2013-07-23	18	33.150000000000006
2959	07107	2013-07-23	19	33.9
2959	07107	2013-07-23	20	32.550000000000004
2959	07107	2013-07-23	21	35.4
2959	07107	2013-07-23	22	33.3
2959	07107	2013-07-23	23	33.75
2959	07107	2013-07-24	0	35.119575
2959	07107	2013-07-24	1	34.222905
2959	07107	2013-07-24	2	32.8779
2959	07107	2013-07-24	3	30.785669999999996
2959	07107	2013-07-24	4	31.234005
2959	07107	2013-07-24	5	30.038445
2959	07107	2013-07-24	6	38.108475
2959	07107	2013-07-24	7	47.224619999999994
2959	07107	2013-07-24	8	43.488495
2959	07107	2013-07-24	9	42.44238
2959	07107	2013-07-24	10	49.91463
2959	07107	2013-07-24	11	48.868515
2959	07107	2013-07-24	12	57.38688
2959	07107	2013-07-24	13	62.01967499999999
2959	07107	2013-07-24	14	68.296365
2959	07107	2013-07-24	15	72.92916
2959	07107	2013-07-24	16	64.85913
2959	07107	2013-07-24	17	49.765185
2959	07107	2013-07-24	18	51.11019
2959	07107	2013-07-24	19	53.20242
2959	07107	2013-07-24	20	59.18022
2959	07107	2013-07-24	21	57.536325
2959	07107	2013-07-24	22	53.50131
2959	07107	2013-07-24	23	47.971845
2959	07107	2013-07-25	0	47.326229999999995
2959	07107	2013-07-25	0	50.942519999999995
2959	07107	2013-07-25	1	66.97998
2959	07107	2013-07-25	1	50.3136
2959	07107	2013-07-25	2	63.20646000000001
2959	07107	2013-07-25	2	48.58407
2959	07107	2013-07-25	3	47.955149999999996
2959	07107	2013-07-25	3	61.63416000000001
2959	07107	2013-07-25	4	48.741299999999995
2959	07107	2013-07-25	4	69.33843
2959	07107	2013-07-25	5	74.99870999999999
2959	07107	2013-07-25	6	68.86674
2959	07107	2013-07-25	7	66.97998
2959	07107	2013-07-25	8	70.91073
2959	07107	2013-07-25	9	75.62763000000001
2959	07107	2013-07-25	10	74.68424999999999
2959	07107	2013-07-25	11	61.476929999999996
2959	07107	2013-07-25	12	61.00524
2959	07107	2013-07-25	13	62.263079999999995
2959	07107	2013-07-25	14	56.445570000000004
2959	07107	2013-07-25	15	51.72867
2959	07107	2013-07-25	16	49.212990000000005
2959	07107	2013-07-25	17	54.24435
2959	07107	2013-07-26	0	51.32826
2959	07107	2013-07-26	1	50.00080500000001
2959	07107	2013-07-26	2	47.640885
2959	07107	2013-07-26	3	46.608419999999995
2959	07107	2013-07-26	4	45.575955
2959	07107	2013-07-26	5	41.59359
2959	07107	2013-07-26	6	51.770745
2959	07107	2013-07-26	7	59.145495
2959	07107	2013-07-26	8	66.815235
2959	07107	2013-07-26	9	67.405215
2959	07107	2013-07-26	10	68.14269
2959	07107	2013-07-26	11	69.32265000000001
2959	07107	2013-07-26	12	68.880165
2959	07107	2013-07-26	13	79.05731999999999
2959	07107	2013-07-26	14	85.104615
2959	07107	2013-07-26	15	76.10742
2959	07107	2013-07-26	16	64.89779999999999
2959	07107	2013-07-26	17	45.870945
2959	07107	2013-07-26	18	39.676154999999994
2959	07107	2013-07-26	19	34.80882
2959	07107	2013-07-26	20	39.971145
2959	07107	2013-07-26	21	40.11864
2959	07107	2013-07-26	22	42.036075
2959	07107	2013-07-26	23	41.00361
2959	07107	2013-07-27	0	45.32675999999999
2959	07107	2013-07-27	1	41.092079999999996
2959	07107	2013-07-27	2	35.91636
2959	07107	2013-07-27	3	39.9942
2959	07107	2013-07-27	4	39.837360000000004
2959	07107	2013-07-27	5	37.32792
2959	07107	2013-07-27	6	41.092079999999996
2959	07107	2013-07-27	7	60.3834
2959	07107	2013-07-27	8	62.89284
2959	07107	2013-07-27	9	57.08976
2959	07107	2013-07-27	10	69.63696
2959	07107	2013-07-27	11	84.37992
2959	07107	2013-07-27	12	73.55796
2959	07107	2013-07-27	13	59.91288
2959	07107	2013-07-27	14	53.952960000000004
2959	07107	2013-07-27	15	39.68052
2959	07107	2013-07-27	16	40.621559999999995
2959	07107	2013-07-27	17	38.26896
2959	07107	2013-07-27	18	39.21
2959	07107	2013-07-27	19	41.40576
2959	07107	2013-07-27	20	39.68052
2959	07107	2013-07-27	21	36.8574
2959	07107	2013-07-27	22	37.95528
2959	07107	2013-07-27	23	37.48476
2959	07107	2013-07-28	0	40.8486
2959	07107	2013-07-28	1	41.948370000000004
2959	07107	2013-07-28	2	37.7064
2959	07107	2013-07-28	3	40.22016
2959	07107	2013-07-28	4	41.634150000000005
2959	07107	2013-07-28	5	40.22016
2959	07107	2013-07-28	6	40.22016
2959	07107	2013-07-28	7	43.36236
2959	07107	2013-07-28	8	39.2775
2959	07107	2013-07-28	9	49.48965
2959	07107	2013-07-28	10	43.833690000000004
2959	07107	2013-07-28	11	52.63185
2959	07107	2013-07-28	12	62.37267
2959	07107	2013-07-28	13	61.2729
2959	07107	2013-07-28	14	57.188039999999994
2959	07107	2013-07-28	15	43.51947
2959	07107	2013-07-28	16	43.51947
2959	07107	2013-07-28	17	40.063050000000004
2959	07107	2013-07-28	18	39.90594
2959	07107	2013-07-28	19	39.74883
2959	07107	2013-07-28	20	43.51947
2959	07107	2013-07-28	21	44.46213
2959	07107	2013-07-28	22	42.26259
2959	07107	2013-07-28	23	40.53438
2959	07107	2013-07-29	0	87.950205
2959	07107	2013-07-29	0	38.003175
2959	07107	2013-07-29	1	39.39921
2959	07107	2013-07-29	1	88.880895
2959	07107	2013-07-29	2	42.656625
2959	07107	2013-07-29	2	86.8644
2959	07107	2013-07-29	3	89.03601
2959	07107	2013-07-29	3	40.640130000000006
2959	07107	2013-07-29	4	37.848060000000004
2959	07107	2013-07-29	4	71.818245
2959	07107	2013-07-29	5	35.831565
2959	07107	2013-07-29	5	67.785255
2959	07107	2013-07-29	6	63.131805
2959	07107	2013-07-29	6	44.05266
2959	07107	2013-07-29	7	71.508015
2959	07107	2013-07-29	7	66.234105
2959	07107	2013-07-29	8	65.45853
2959	07107	2013-07-29	8	83.45187000000001
2959	07107	2013-07-29	9	92.293425
2959	07107	2013-07-29	9	61.11531
2959	07107	2013-07-29	10	58.01301
2959	07107	2013-07-29	10	90.742275
2959	07107	2013-07-29	11	86.24394000000001
2959	07107	2013-07-29	12	83.296755
2959	07107	2013-07-30	0	58.24961999999999
2959	07107	2013-07-30	1	58.406205
2959	07107	2013-07-30	2	53.86524
2959	07107	2013-07-30	3	55.900845
2959	07107	2013-07-30	4	57.31011
2959	07107	2013-07-30	5	55.587675
2959	07107	2013-07-30	6	59.972055
2959	07107	2013-07-30	7	71.24617500000001
2959	07107	2013-07-30	8	73.28178
2959	07107	2013-07-30	9	68.427645
2959	07107	2013-07-30	10	93.32466000000001
2959	07107	2013-07-30	11	91.602225
2959	07107	2013-07-30	12	85.80858
2959	07107	2013-07-30	13	79.075425
2959	07107	2013-07-30	14	78.76225500000001
2959	07107	2013-07-30	15	77.50957500000001
2959	07107	2013-07-30	16	77.822745
2959	07107	2013-07-30	17	66.07887
2959	07107	2013-07-30	18	66.235455
2959	07107	2013-07-30	19	48.22818
2959	07107	2013-07-30	20	46.9755
2959	07107	2013-07-30	21	47.288669999999996
2959	07107	2013-07-30	22	43.687214999999995
2959	07107	2013-07-30	23	42.434535
2959	07107	2013-07-31	0	40.985475
2959	07107	2013-07-31	1	40.985475
2959	07107	2013-07-31	2	39.53722500000001
2959	07107	2013-07-31	3	37.364850000000004
2959	07107	2013-07-31	4	36.930375
2959	07107	2013-07-31	5	34.613175
2959	07107	2013-07-31	6	44.0268
2959	07107	2013-07-31	7	63.86782500000001
2959	07107	2013-07-31	8	67.48845
2959	07107	2013-07-31	9	66.47467499999999
2959	07107	2013-07-31	10	66.6195
2959	07107	2013-07-31	11	66.474675
2959	07107	2013-07-31	12	65.4609
2959	07107	2013-07-31	13	64.73677500000001
2959	07107	2013-07-31	14	68.50222500000001
2959	07107	2013-07-31	15	71.54355000000001
2959	07107	2013-07-31	16	70.529775
2959	07107	2013-07-31	17	54.019725
2959	07107	2013-07-31	18	50.254275
2959	07107	2013-07-31	19	36.351075
2959	07107	2013-07-31	20	39.247575
2959	07107	2013-07-31	21	41.7096
2959	07107	2013-07-31	22	40.26134999999999
2959	07107	2013-07-31	23	38.668275
2959	07107	2013-08-01	0	42.223155000000006
2959	07107	2013-08-01	1	41.13252
2959	07107	2013-08-01	2	40.04188500000001
2959	07107	2013-08-01	3	41.44413
2959	07107	2013-08-01	4	41.599935
2959	07107	2013-08-01	5	42.69057000000001
2959	07107	2013-08-01	6	52.66209
2959	07107	2013-08-01	7	65.43809999999999
2959	07107	2013-08-01	8	68.39839500000001
2959	07107	2013-08-01	9	72.60513
2959	07107	2013-08-01	10	73.53996
2959	07107	2013-08-01	11	73.69576500000001
2959	07107	2013-08-01	12	72.449325
2959	07107	2013-08-01	13	72.60513
2959	07107	2013-08-01	14	76.34445
2959	07107	2013-08-01	15	79.304745
2959	07107	2013-08-01	16	81.95343
2959	07107	2013-08-01	17	58.426874999999995
2959	07107	2013-08-01	18	50.948235
2959	07107	2013-08-01	19	52.9737
2959	07107	2013-08-01	20	52.81789499999999
2959	07107	2013-08-01	21	56.245605
2959	07107	2013-08-01	22	51.571455
2959	07107	2013-08-01	23	50.013405
2959	07107	2013-08-02	0	49.986615
2959	07107	2013-08-02	1	45.884370000000004
2959	07107	2013-08-02	2	48.619200000000006
2959	07107	2013-08-02	3	47.251785
2959	07107	2013-08-02	4	46.49211
2959	07107	2013-08-02	5	44.820825
2959	07107	2013-08-02	6	53.936924999999995
2959	07107	2013-08-02	7	67.45914
2959	07107	2013-08-02	8	70.80171
2959	07107	2013-08-02	9	75.51169499999999
2959	07107	2013-08-02	10	82.34877
2959	07107	2013-08-02	11	77.031045
2959	07107	2013-08-02	12	73.992345
2959	07107	2013-08-02	13	76.423305
2959	07107	2013-08-02	14	86.29908
2959	07107	2013-08-02	15	83.412315
2959	07107	2013-08-02	16	82.65263999999999
2959	07107	2013-08-02	17	64.87624500000001
2959	07107	2013-08-02	18	63.356895
2959	07107	2013-08-02	19	57.583365
2959	07107	2013-08-02	20	61.077870000000004
2959	07107	2013-08-02	21	52.721444999999996
2959	07107	2013-08-02	22	50.13855
2959	07107	2013-08-02	23	56.064015
2959	07107	2013-08-03	0	56.705625
2959	07107	2013-08-03	1	50.657025000000004
2959	07107	2013-08-03	2	50.354595
2959	07107	2013-08-03	3	48.99366
2959	07107	2013-08-03	4	47.632725
2959	07107	2013-08-03	5	46.27179
2959	07107	2013-08-03	6	56.705625
2959	07107	2013-08-03	7	65.173665
2959	07107	2013-08-03	8	72.88563
2959	07107	2013-08-03	9	77.42208
2959	07107	2013-08-03	10	79.992735
2959	07107	2013-08-03	11	88.763205
2959	07107	2013-08-03	12	75.00263999999999
2959	07107	2013-08-03	13	62.905440000000006
2959	07107	2013-08-03	14	57.4617
2959	07107	2013-08-03	15	59.88114
2959	07107	2013-08-03	16	58.822635000000005
2959	07107	2013-08-03	17	56.403195000000004
2959	07107	2013-08-03	18	53.22768
2959	07107	2013-08-03	19	49.29609
2959	07107	2013-08-03	20	49.90095
2959	07107	2013-08-03	21	50.20338
2959	07107	2013-08-03	22	49.749735
2959	07107	2013-08-03	23	47.632725
2959	07107	2013-08-04	0	45.89676
2959	07107	2013-08-04	1	47.36781
2959	07107	2013-08-04	2	48.25044
2959	07107	2013-08-04	3	43.690185
2959	07107	2013-08-04	4	45.30834
2959	07107	2013-08-04	5	41.77782
2959	07107	2013-08-04	6	42.95466
2959	07107	2013-08-04	7	43.395975
2959	07107	2013-08-04	8	42.954660000000004
2959	07107	2013-08-04	9	44.867025
2959	07107	2013-08-04	10	45.749655
2959	07107	2013-08-04	11	46.48518
2959	07107	2013-08-04	12	47.0736
2959	07107	2013-08-04	13	49.28017500000001
2959	07107	2013-08-04	14	51.633855
2959	07107	2013-08-04	15	51.633855000000004
2959	07107	2013-08-04	16	50.60412
2959	07107	2013-08-04	17	47.66202
2959	07107	2013-08-04	18	48.25044
2959	07107	2013-08-04	19	44.572815000000006
2959	07107	2013-08-04	20	46.19096999999999
2959	07107	2013-08-04	21	45.014129999999994
2959	07107	2013-08-04	22	46.77939
2959	07107	2013-08-04	23	44.42571
2959	07107	2013-08-05	0	59.761754999999994
2959	07107	2013-08-05	0	48.154485
2959	07107	2013-08-05	1	49.87989
2959	07107	2013-08-05	1	55.52667
2959	07107	2013-08-05	2	47.68392
2959	07107	2013-08-05	2	60.389174999999994
2959	07107	2013-08-05	3	50.1936
2959	07107	2013-08-05	3	60.85974
2959	07107	2013-08-05	4	50.507310000000004
2959	07107	2013-08-05	4	59.91861
2959	07107	2013-08-05	5	58.66377
2959	07107	2013-08-05	5	47.213355
2959	07107	2013-08-05	6	60.389175
2959	07107	2013-08-05	7	69.95733
2959	07107	2013-08-05	8	70.427895
2959	07107	2013-08-05	9	83.290005
2959	07107	2013-08-05	10	79.68234
2959	07107	2013-08-05	11	78.270645
2959	07107	2013-08-05	12	74.97669
2959	07107	2013-08-05	13	84.858555
2959	07107	2013-08-05	14	87.681945
2959	07107	2013-08-05	15	95.68155000000002
2959	07107	2013-08-05	16	87.52508999999999
2959	07107	2013-08-06	0	53.003475
2959	07107	2013-08-06	1	54.165195000000004
2959	07107	2013-08-06	2	51.260895
2959	07107	2013-08-06	3	56.779065
2959	07107	2013-08-06	4	54.31041
2959	07107	2013-08-06	5	50.534819999999996
2959	07107	2013-08-06	6	61.716375
2959	07107	2013-08-06	7	62.44245
2959	07107	2013-08-06	8	71.300565
2959	07107	2013-08-06	9	72.6075
2959	07107	2013-08-06	10	81.02996999999999
2959	07107	2013-08-06	11	83.64384
2959	07107	2013-08-06	12	80.013465
2959	07107	2013-08-06	13	83.93427
2959	07107	2013-08-06	14	85.09599
2959	07107	2013-08-06	15	85.53163500000001
2959	07107	2013-08-06	16	80.73954
2959	07107	2013-08-06	17	68.977125
2959	07107	2013-08-06	18	69.267555
2959	07107	2013-08-06	19	62.878095
2959	07107	2013-08-06	20	58.231215000000006
2959	07107	2013-08-06	21	57.650355
2959	07107	2013-08-06	22	54.455625000000005
2959	07107	2013-08-06	23	53.874765
2959	07107	2013-08-07	0	57.80775
2959	07107	2013-08-07	1	59.00895
2959	07107	2013-08-07	2	56.4564
2959	07107	2013-08-07	3	56.906850000000006
2959	07107	2013-08-07	4	54.6546
2959	07107	2013-08-07	5	53.00295
2959	07107	2013-08-07	6	56.756699999999995
2959	07107	2013-08-07	7	68.1681
2959	07107	2013-08-07	8	75.97590000000001
2959	07107	2013-08-07	9	80.33024999999999
2959	07107	2013-08-07	10	83.18310000000001
2959	07107	2013-08-07	11	84.98490000000001
2959	07107	2013-08-07	12	86.93685
2959	07107	2013-08-07	13	87.53745
2959	07107	2013-08-07	14	91.74164999999999
2959	07107	2013-08-07	15	98.1981
2959	07107	2013-08-07	16	99.99990000000001
2959	07107	2013-08-07	17	82.73265
2959	07107	2013-08-07	18	73.2732
2959	07107	2013-08-07	19	70.72064999999999
2959	07107	2013-08-07	20	62.312250000000006
2959	07107	2013-08-07	21	63.363299999999995
2959	07107	2013-08-07	22	63.363299999999995
2959	07107	2013-08-07	23	59.909850000000006
2959	07107	2013-08-08	0	58.59072
2959	07107	2013-08-08	1	57.2175
2959	07107	2013-08-08	2	59.04846
2959	07107	2013-08-08	3	61.184580000000004
2959	07107	2013-08-08	4	59.96394
2959	07107	2013-08-08	5	59.048460000000006
2959	07107	2013-08-08	6	64.54134
2959	07107	2013-08-08	7	71.25486000000001
2959	07107	2013-08-08	8	75.67967999999999
2959	07107	2013-08-08	9	87.27576
2959	07107	2013-08-08	10	87.42833999999999
2959	07107	2013-08-08	11	97.34604
2959	07107	2013-08-08	12	90.63252
2959	07107	2013-08-08	13	94.29444000000001
2959	07107	2013-08-08	14	97.80378
2959	07107	2013-08-08	15	101.92343999999999
2959	07107	2013-08-08	16	98.10893999999999
2959	07107	2013-08-08	17	80.25708
2959	07107	2013-08-08	18	78.73128
2959	07107	2013-08-08	19	75.37452
2959	07107	2013-08-08	20	66.3723
2959	07107	2013-08-08	21	60.42168
2959	07107	2013-08-08	22	58.7433
2959	07107	2013-08-08	23	58.438140000000004
2959	07107	2013-08-09	0	57.27375
2959	07107	2013-08-09	1	60.022890000000004
2959	07107	2013-08-09	2	59.10651
2959	07107	2013-08-09	3	59.5647
2959	07107	2013-08-09	4	56.66283
2959	07107	2013-08-09	5	54.9828
2959	07107	2013-08-09	6	59.87016
2959	07107	2013-08-09	7	70.2558
2959	07107	2013-08-09	8	80.9469
2959	07107	2013-08-09	9	89.49978000000002
2959	07107	2013-08-09	10	92.85983999999999
2959	07107	2013-08-09	11	96.52536
2959	07107	2013-08-09	12	95.15079
2959	07107	2013-08-09	13	97.59447
2959	07107	2013-08-09	14	100.34360999999998
2959	07107	2013-08-09	15	105.23097
2959	07107	2013-08-09	16	100.8018
2959	07107	2013-08-09	17	87.51429
2959	07107	2013-08-09	18	78.80868
2959	07107	2013-08-09	19	70.71399
2959	07107	2013-08-09	20	67.81212
2959	07107	2013-08-09	21	68.27031
2959	07107	2013-08-09	22	67.2012
2959	07107	2013-08-09	23	66.13209
2959	07107	2013-08-10	0	61.077600000000004
2959	07107	2013-08-10	1	60.4788
2959	07107	2013-08-10	2	58.9818
2959	07107	2013-08-10	3	58.8321
2959	07107	2013-08-10	4	56.2872
2959	07107	2013-08-10	5	58.682399999999994
2959	07107	2013-08-10	6	57.0357
2959	07107	2013-08-10	7	72.4548
2959	07107	2013-08-10	8	79.1913
2959	07107	2013-08-10	9	83.832
2959	07107	2013-08-10	10	88.6224
2959	07107	2013-08-10	11	92.0655
2959	07107	2013-08-10	12	83.3829
2959	07107	2013-08-10	13	72.7542
2959	07107	2013-08-10	14	58.5327
2959	07107	2013-08-10	15	57.1854
2959	07107	2013-08-10	16	54.6405
2959	07107	2013-08-10	17	53.143499999999996
2959	07107	2013-08-10	18	51.9459
2959	07107	2013-08-10	19	54.3411
2959	07107	2013-08-10	20	55.5387
2959	07107	2013-08-10	21	55.388999999999996
2959	07107	2013-08-10	22	55.8381
2959	07107	2013-08-10	23	55.0896
2959	07107	2013-08-11	0	51.509745
2959	07107	2013-08-11	1	49.34547
2959	07107	2013-08-11	2	47.469764999999995
2959	07107	2013-08-11	3	50.066894999999995
2959	07107	2013-08-11	4	47.32548
2959	07107	2013-08-11	5	47.181194999999995
2959	07107	2013-08-11	6	48.912614999999995
2959	07107	2013-08-11	7	47.90262
2959	07107	2013-08-11	8	47.03690999999999
2959	07107	2013-08-11	9	43.718355
2959	07107	2013-08-11	10	44.72835
2959	07107	2013-08-11	11	45.30548999999999
2959	07107	2013-08-11	12	46.604055
2959	07107	2013-08-11	13	45.449775
2959	07107	2013-08-11	14	47.61405
2959	07107	2013-08-11	15	49.92261
2959	07107	2013-08-11	16	48.76833
2959	07107	2013-08-11	17	50.49975
2959	07107	2013-08-11	18	48.046905
2959	07107	2013-08-11	19	46.315484999999995
2959	07107	2013-08-11	20	49.0569
2959	07107	2013-08-11	21	46.604055
2959	07107	2013-08-11	22	47.61405
2959	07107	2013-08-11	23	46.892625
2959	07107	2013-08-12	0	70.81104
2959	07107	2013-08-12	0	48.8352
2959	07107	2013-08-12	1	75.84717
2959	07107	2013-08-12	1	50.05608
2959	07107	2013-08-12	2	47.919540000000005
2959	07107	2013-08-12	2	78.74676
2959	07107	2013-08-12	3	50.05608000000001
2959	07107	2013-08-12	3	80.88329999999999
2959	07107	2013-08-12	4	48.07215
2959	07107	2013-08-12	4	79.66242
2959	07107	2013-08-12	5	46.393440000000005
2959	07107	2013-08-12	5	83.47766999999999
2959	07107	2013-08-12	6	79.81503000000001
2959	07107	2013-08-12	6	50.208690000000004
2959	07107	2013-08-12	7	72.64236
2959	07107	2013-08-12	7	66.38534999999999
2959	07107	2013-08-12	8	68.52189
2959	07107	2013-08-12	8	62.41749
2959	07107	2013-08-12	9	68.82710999999999
2959	07107	2013-08-12	9	57.07614
2959	07107	2013-08-12	10	58.75484999999999
2959	07107	2013-08-12	11	58.754850000000005
2959	07107	2013-08-12	12	56.77092
2959	07107	2013-08-13	0	60.42324
2959	07107	2013-08-13	1	56.529990000000005
2959	07107	2013-08-13	2	55.28415000000001
2959	07107	2013-08-13	3	54.66123
2959	07107	2013-08-13	4	57.93156
2959	07107	2013-08-13	5	52.63674
2959	07107	2013-08-13	6	62.75919
2959	07107	2013-08-13	7	69.29984999999999
2959	07107	2013-08-13	8	71.32434
2959	07107	2013-08-13	9	71.01288
2959	07107	2013-08-13	10	78.17646
2959	07107	2013-08-13	11	82.5369
2959	07107	2013-08-13	12	78.48791999999999
2959	07107	2013-08-13	13	83.47128
2959	07107	2013-08-13	14	80.51241
2959	07107	2013-08-13	15	86.11869000000002
2959	07107	2013-08-13	16	82.84836
2959	07107	2013-08-13	17	65.71806
2959	07107	2013-08-13	18	64.16076
2959	07107	2013-08-13	19	59.956050000000005
2959	07107	2013-08-13	20	56.529990000000005
2959	07107	2013-08-13	21	55.59561
2959	07107	2013-08-13	22	53.25966
2959	07107	2013-08-13	23	56.37426000000001
2959	07107	2013-08-14	0	50.083499999999994
2959	07107	2013-08-14	0	54.570750000000004
2959	07107	2013-08-14	1	53.991749999999996
2959	07107	2013-08-14	2	51.531
2959	07107	2013-08-14	3	51.96525
2959	07107	2013-08-14	4	51.820499999999996
2959	07107	2013-08-14	5	51.241499999999995
2959	07107	2013-08-14	6	59.34750000000001
2959	07107	2013-08-14	7	59.78175
2959	07107	2013-08-14	8	62.532
2959	07107	2013-08-14	9	63.690000000000005
2959	07107	2013-08-14	10	66.87450000000001
2959	07107	2013-08-14	11	77.44125
2959	07107	2013-08-14	12	71.65124999999999
2959	07107	2013-08-14	13	68.322
2959	07107	2013-08-14	14	66.585
2959	07107	2013-08-14	15	70.638
2959	07107	2013-08-14	16	69.1905
2959	07107	2013-08-14	17	53.70225000000001
2959	07107	2013-08-14	18	49.07025
2959	07107	2013-08-14	19	50.51775
2959	07107	2013-08-14	20	53.847
2959	07107	2013-08-14	21	51.96525
2959	07107	2013-08-15	0	53.5788
2959	07107	2013-08-15	1	51.197520000000004
2959	07107	2013-08-15	2	50.75103000000001
2959	07107	2013-08-15	3	50.304539999999996
2959	07107	2013-08-15	4	45.39314999999999
2959	07107	2013-08-15	5	45.83964
2959	07107	2013-08-15	6	52.98348
2959	07107	2013-08-15	7	59.68083
2959	07107	2013-08-15	8	68.01531
2959	07107	2013-08-15	9	68.01531
2959	07107	2013-08-15	10	65.93169
2959	07107	2013-08-15	11	71.73606
2959	07107	2013-08-15	12	72.18255
2959	07107	2013-08-15	13	72.77787000000001
2959	07107	2013-08-15	14	69.50361000000001
2959	07107	2013-08-15	15	72.33138
2959	07107	2013-08-15	16	75.60564
2959	07107	2013-08-15	17	57.746039999999994
2959	07107	2013-08-15	18	47.92326
2959	07107	2013-08-15	19	50.304539999999996
2959	07107	2013-08-15	20	61.76445
2959	07107	2013-08-15	21	51.49518
2959	07107	2013-08-15	22	47.6256
2959	07107	2013-08-15	23	47.92326
2959	07107	2013-08-16	0	46.38711
2959	07107	2013-08-16	0	48.69876000000001
2959	07107	2013-08-16	1	48.69876
2959	07107	2013-08-16	1	45.462450000000004
2959	07107	2013-08-16	2	60.71934
2959	07107	2013-08-16	2	47.15766000000001
2959	07107	2013-08-16	3	65.03442
2959	07107	2013-08-16	3	46.38711
2959	07107	2013-08-16	4	79.05842999999999
2959	07107	2013-08-16	5	75.66801000000001
2959	07107	2013-08-16	6	75.5139
2959	07107	2013-08-16	7	81.6783
2959	07107	2013-08-16	8	72.27759
2959	07107	2013-08-16	9	78.28788
2959	07107	2013-08-16	10	81.37008
2959	07107	2013-08-16	11	74.43513
2959	07107	2013-08-16	12	68.11662
2959	07107	2013-08-16	13	63.03098999999999
2959	07107	2013-08-16	14	60.102900000000005
2959	07107	2013-08-16	15	62.414550000000006
2959	07107	2013-08-16	16	55.78782
2959	07107	2013-08-16	17	58.25358
2959	07107	2013-08-16	18	55.017269999999996
2959	07107	2013-08-17	0	41.25321
2959	07107	2013-08-17	0	55.10925
2959	07107	2013-08-17	1	54.47943
2959	07107	2013-08-17	2	55.42416
2959	07107	2013-08-17	3	52.432515
2959	07107	2013-08-17	4	53.5347
2959	07107	2013-08-17	5	52.27506
2959	07107	2013-08-17	6	66.1311
2959	07107	2013-08-17	7	75.735855
2959	07107	2013-08-17	8	70.85475
2959	07107	2013-08-17	9	73.846395
2959	07107	2013-08-17	10	73.531485
2959	07107	2013-08-17	11	73.37403
2959	07107	2013-08-17	12	72.4293
2959	07107	2013-08-17	13	59.675444999999996
2959	07107	2013-08-17	14	53.21979
2959	07107	2013-08-17	15	55.42416
2959	07107	2013-08-17	16	51.487785
2959	07107	2013-08-17	17	37.631744999999995
2959	07107	2013-08-17	18	38.576475
2959	07107	2013-08-17	19	37.94665499999999
2959	07107	2013-08-17	20	37.946655
2959	07107	2013-08-17	21	39.83611500000001
2959	07107	2013-08-18	0	39.252480000000006
2959	07107	2013-08-18	1	37.56585
2959	07107	2013-08-18	2	37.719179999999994
2959	07107	2013-08-18	3	37.259190000000004
2959	07107	2013-08-18	4	37.71918
2959	07107	2013-08-18	5	34.80591
2959	07107	2013-08-18	6	36.03255
2959	07107	2013-08-18	7	38.79249
2959	07107	2013-08-18	8	37.10586
2959	07107	2013-08-18	9	34.19259
2959	07107	2013-08-18	10	34.80591
2959	07107	2013-08-18	11	35.57256
2959	07107	2013-08-18	12	35.879220000000004
2959	07107	2013-08-18	13	36.18588
2959	07107	2013-08-18	14	36.49254
2959	07107	2013-08-18	15	36.18588
2959	07107	2013-08-18	16	39.55914
2959	07107	2013-08-18	17	40.17246
2959	07107	2013-08-18	18	36.7992
2959	07107	2013-08-18	19	37.71918
2959	07107	2013-08-18	20	37.87251
2959	07107	2013-08-18	21	38.17917
2959	07107	2013-08-18	22	38.79249
2959	07107	2013-08-18	23	35.41923
2959	07107	2013-08-19	0	35.25018
2959	07107	2013-08-19	1	34.80585000000001
2959	07107	2013-08-19	2	34.50963
2959	07107	2013-08-19	3	35.25018
2959	07107	2013-08-19	4	34.80585
2959	07107	2013-08-19	5	36.73128
2959	07107	2013-08-19	6	43.69245
2959	07107	2013-08-19	7	50.357400000000005
2959	07107	2013-08-19	8	51.09795
2959	07107	2013-08-19	9	52.72716
2959	07107	2013-08-19	10	54.06015
2959	07107	2013-08-19	11	58.05912
2959	07107	2013-08-19	12	54.8007
2959	07107	2013-08-19	13	59.09589
2959	07107	2013-08-19	14	71.0928
2959	07107	2013-08-19	15	84.57081000000001
2959	07107	2013-08-19	16	82.64538
2959	07107	2013-08-19	17	65.16839999999999
2959	07107	2013-08-19	18	61.46565
2959	07107	2013-08-19	19	61.02132
2959	07107	2013-08-19	20	59.392109999999995
2959	07107	2013-08-19	21	54.948809999999995
2959	07107	2013-08-19	22	54.208259999999996
2959	07107	2013-08-19	23	53.467710000000004
2959	07107	2013-08-20	0	57.114375
2959	07107	2013-08-20	1	53.535
2959	07107	2013-08-20	2	52.9125
2959	07107	2013-08-20	3	55.71375
2959	07107	2013-08-20	4	55.246875
2959	07107	2013-08-20	5	53.84625
2959	07107	2013-08-20	6	64.1175
2959	07107	2013-08-20	7	74.38874999999999
2959	07107	2013-08-20	8	77.345625
2959	07107	2013-08-20	9	77.345625
2959	07107	2013-08-20	10	79.99125000000001
2959	07107	2013-08-20	11	83.570625
2959	07107	2013-08-20	12	82.948125
2959	07107	2013-08-20	13	92.44125
2959	07107	2013-08-20	14	95.086875
2959	07107	2013-08-20	15	93.530625
2959	07107	2013-08-20	16	93.530625
2959	07107	2013-08-20	17	71.43187499999999
2959	07107	2013-08-20	18	64.11749999999999
2959	07107	2013-08-20	19	56.95875000000001
2959	07107	2013-08-20	20	55.4025
2959	07107	2013-08-20	21	57.114375
2959	07107	2013-08-20	22	54.78
2959	07107	2013-08-20	23	60.849375
2959	07107	2013-08-21	0	58.44399
2959	07107	2013-08-21	0	58.888995
2959	07107	2013-08-21	1	58.592325
2959	07107	2013-08-21	2	57.85065
2959	07107	2013-08-21	3	53.99394
2959	07107	2013-08-21	4	52.658925
2959	07107	2013-08-21	5	71.2008
2959	07107	2013-08-21	6	73.87083
2959	07107	2013-08-21	7	70.459125
2959	07107	2013-08-21	8	68.53076999999999
2959	07107	2013-08-21	9	71.2008
2959	07107	2013-08-21	10	70.459125
2959	07107	2013-08-21	11	70.459125
2959	07107	2013-08-21	12	74.16749999999999
2959	07107	2013-08-21	13	75.20584500000001
2959	07107	2013-08-21	14	72.09081
2959	07107	2013-08-21	15	70.01412
2959	07107	2013-08-21	16	56.663970000000006
2959	07107	2013-08-21	17	54.438945
2959	07107	2013-08-21	18	52.51058999999999
2959	07107	2013-08-21	19	51.472245
2959	07107	2013-08-21	20	51.027240000000006
2959	07107	2013-08-21	21	50.4339
2959	07107	2013-08-22	0	75.53992500000001
2959	07107	2013-08-22	0	53.628750000000004
2959	07107	2013-08-22	1	51.79005
2959	07107	2013-08-22	1	70.330275
2959	07107	2013-08-22	2	49.032
2959	07107	2013-08-22	2	66.959325
2959	07107	2013-08-22	3	52.249725
2959	07107	2013-08-22	3	57.152925
2959	07107	2013-08-22	4	59.75775
2959	07107	2013-08-22	4	55.620675
2959	07107	2013-08-22	5	49.33845
2959	07107	2013-08-22	5	54.548100000000005
2959	07107	2013-08-22	6	59.298075
2959	07107	2013-08-22	6	53.628750000000004
2959	07107	2013-08-22	7	51.177150000000005
2959	07107	2013-08-22	7	60.217425000000006
2959	07107	2013-08-22	8	64.9674
2959	07107	2013-08-22	8	50.717475
2959	07107	2013-08-22	9	68.0319
2959	07107	2013-08-22	10	71.249625
2959	07107	2013-08-22	11	71.40285
2959	07107	2013-08-22	12	65.427075
2959	07107	2013-08-22	13	68.6448
2959	07107	2013-08-23	0	50.49681
2959	07107	2013-08-23	1	48.90522
2959	07107	2013-08-23	2	47.60301
2959	07107	2013-08-23	3	46.87956
2959	07107	2013-08-23	4	48.471149999999994
2959	07107	2013-08-23	5	49.1946
2959	07107	2013-08-23	6	52.52247
2959	07107	2013-08-23	7	65.25519
2959	07107	2013-08-23	8	66.70209
2959	07107	2013-08-23	9	66.84678000000001
2959	07107	2013-08-23	10	66.41271
2959	07107	2013-08-23	11	67.71492
2959	07107	2013-08-23	12	60.91449
2959	07107	2013-08-23	13	77.69853
2959	07107	2013-08-23	14	74.08127999999999
2959	07107	2013-08-23	15	78.71136
2959	07107	2013-08-23	16	76.83039
2959	07107	2013-08-23	17	57.297239999999995
2959	07107	2013-08-23	18	60.48042
2959	07107	2013-08-23	19	60.04635
2959	07107	2013-08-23	20	53.390609999999995
2959	07107	2013-08-23	21	51.509640000000005
2959	07107	2013-08-23	22	52.37778
2959	07107	2013-08-23	23	52.233090000000004
2959	07107	2013-08-24	0	53.44761
2959	07107	2013-08-24	1	51.05888999999999
2959	07107	2013-08-24	2	48.07299
2959	07107	2013-08-24	3	48.67017
2959	07107	2013-08-24	4	51.208185
2959	07107	2013-08-24	5	49.118055
2959	07107	2013-08-24	6	51.208185
2959	07107	2013-08-24	7	64.19685
2959	07107	2013-08-24	8	65.98839
2959	07107	2013-08-24	9	70.616535
2959	07107	2013-08-24	10	67.929225
2959	07107	2013-08-24	11	69.42217500000001
2959	07107	2013-08-24	12	62.106719999999996
2959	07107	2013-08-24	13	56.881395000000005
2959	07107	2013-08-24	14	49.86453
2959	07107	2013-08-24	15	47.17722
2959	07107	2013-08-24	16	46.87863
2959	07107	2013-08-24	17	46.28145
2959	07107	2013-08-24	18	46.430745
2959	07107	2013-08-24	19	47.7744
2959	07107	2013-08-24	20	49.715235
2959	07107	2013-08-24	21	47.923694999999995
2959	07107	2013-08-24	22	48.37158
2959	07107	2013-08-24	23	49.118055
2959	07107	2013-08-25	0	47.4192
2959	07107	2013-08-25	1	48.160125
2959	07107	2013-08-25	2	46.974644999999995
2959	07107	2013-08-25	3	46.23372
2959	07107	2013-08-25	4	44.4555
2959	07107	2013-08-25	5	46.23371999999999
2959	07107	2013-08-25	6	44.4555
2959	07107	2013-08-25	7	46.678275
2959	07107	2013-08-25	8	45.789165
2959	07107	2013-08-25	9	44.15913
2959	07107	2013-08-25	10	44.01094500000001
2959	07107	2013-08-25	11	44.307315
2959	07107	2013-08-25	12	46.08553500000001
2959	07107	2013-08-25	13	48.60468
2959	07107	2013-08-25	14	46.381905
2959	07107	2013-08-25	15	46.974645
2959	07107	2013-08-25	16	46.974644999999995
2959	07107	2013-08-25	17	47.567385
2959	07107	2013-08-25	18	44.900055
2959	07107	2013-08-25	19	47.271015
2959	07107	2013-08-25	20	48.752865
2959	07107	2013-08-25	21	49.493790000000004
2959	07107	2013-08-25	22	46.974645
2959	07107	2013-08-25	23	49.49379
2959	07107	2013-08-26	0	49.87896
2959	07107	2013-08-26	1	48.6624
2959	07107	2013-08-26	2	50.33517
2959	07107	2013-08-26	3	48.662400000000005
2959	07107	2013-08-26	4	46.53342000000001
2959	07107	2013-08-26	5	49.27068
2959	07107	2013-08-26	6	54.897270000000006
2959	07107	2013-08-26	7	63.8694
2959	07107	2013-08-26	8	65.08596
2959	07107	2013-08-26	9	66.60666
2959	07107	2013-08-26	10	66.45459
2959	07107	2013-08-26	11	71.4729
2959	07107	2013-08-26	12	65.69424
2959	07107	2013-08-26	13	79.83675
2959	07107	2013-08-26	14	76.035
2959	07107	2013-08-26	15	77.25156000000001
2959	07107	2013-08-26	16	74.05808999999999
2959	07107	2013-08-26	17	61.13214
2959	07107	2013-08-26	18	57.17832
2959	07107	2013-08-26	19	49.87896
2959	07107	2013-08-26	20	51.09552
2959	07107	2013-08-26	21	53.83278
2959	07107	2013-08-26	22	50.48724
2959	07107	2013-08-26	23	53.37657
2959	07107	2013-08-27	0	52.53633000000001
2959	07107	2013-08-27	0	62.98215
2959	07107	2013-08-27	1	51.614639999999994
2959	07107	2013-08-27	1	51.46102499999999
2959	07107	2013-08-27	2	52.382715
2959	07107	2013-08-27	2	51.153795
2959	07107	2013-08-27	3	47.92788
2959	07107	2013-08-27	3	52.689945
2959	07107	2013-08-27	4	50.232105000000004
2959	07107	2013-08-27	4	53.918865
2959	07107	2013-08-27	5	52.689944999999994
2959	07107	2013-08-27	5	50.07849
2959	07107	2013-08-27	6	53.15079
2959	07107	2013-08-27	6	52.997175000000006
2959	07107	2013-08-27	7	61.906845
2959	07107	2013-08-27	8	63.28938000000001
2959	07107	2013-08-27	9	62.98215
2959	07107	2013-08-27	10	60.063465
2959	07107	2013-08-27	11	67.74421500000001
2959	07107	2013-08-27	12	65.900835
2959	07107	2013-08-27	13	74.65689
2959	07107	2013-08-27	14	73.888815
2959	07107	2013-08-27	15	72.967125
2959	07107	2013-08-28	0	49.418775000000004
2959	07107	2013-08-28	1	51.45828
2959	07107	2013-08-28	2	51.301395
2959	07107	2013-08-28	3	50.360085000000005
2959	07107	2013-08-28	4	49.73254500000001
2959	07107	2013-08-28	5	50.673855
2959	07107	2013-08-28	6	56.16483
2959	07107	2013-08-28	7	61.342034999999996
2959	07107	2013-08-28	8	63.224655
2959	07107	2013-08-28	9	65.57793
2959	07107	2013-08-28	10	65.26416
2959	07107	2013-08-28	11	67.303665
2959	07107	2013-08-28	12	67.30366500000001
2959	07107	2013-08-28	13	59.459415
2959	07107	2013-08-28	14	55.694175
2959	07107	2013-08-28	15	56.321715
2959	07107	2013-08-28	16	59.459415
2959	07107	2013-08-28	17	48.634350000000005
2959	07107	2013-08-28	18	47.0655
2959	07107	2013-08-28	19	41.574525
2959	07107	2013-08-28	20	41.10387
2959	07107	2013-08-28	21	40.16256
2959	07107	2013-08-28	22	40.7901
2959	07107	2013-08-28	23	41.731410000000004
2959	07107	2013-08-29	0	37.646640000000005
2959	07107	2013-08-29	1	37.35816
2959	07107	2013-08-29	2	37.5024
2959	07107	2013-08-29	3	36.49272
2959	07107	2013-08-29	4	36.49272
2959	07107	2013-08-29	5	35.48304
2959	07107	2013-08-29	6	37.06968
2959	07107	2013-08-29	7	36.06
2959	07107	2013-08-29	8	34.47336
2959	07107	2013-08-29	9	34.6176
2959	07107	2013-08-29	10	35.050320000000006
2959	07107	2013-08-29	11	33.75216
2959	07107	2013-08-29	12	32.74248
2959	07107	2013-08-29	13	34.90608
2959	07107	2013-08-29	14	34.18488000000001
2959	07107	2013-08-29	15	35.05032
2959	07107	2013-08-29	16	35.338800000000006
2959	07107	2013-08-29	17	34.6176
2959	07107	2013-08-29	18	33.31944
2959	07107	2013-08-29	19	35.77152
2959	07107	2013-08-29	20	38.2236
2959	07107	2013-08-29	21	36.20424
2959	07107	2013-08-29	22	37.5024
2959	07107	2013-08-29	23	36.92544
2959	07107	2013-08-30	0	39.431925
2959	07107	2013-08-30	1	35.87532
2959	07107	2013-08-30	2	36.803129999999996
2959	07107	2013-08-30	3	36.029955
2959	07107	2013-08-30	4	39.431925
2959	07107	2013-08-30	5	38.504115
2959	07107	2013-08-30	6	44.689515
2959	07107	2013-08-30	7	56.59641
2959	07107	2013-08-30	8	61.54473
2959	07107	2013-08-30	9	68.34867
2959	07107	2013-08-30	10	66.029145
2959	07107	2013-08-30	11	66.647685
2959	07107	2013-08-30	12	60.307649999999995
2959	07107	2013-08-30	13	64.32816000000001
2959	07107	2013-08-30	14	67.57549499999999
2959	07107	2013-08-30	15	70.20429
2959	07107	2013-08-30	16	66.49305
2959	07107	2013-08-30	17	48.091485
2959	07107	2013-08-30	18	46.390499999999996
2959	07107	2013-08-30	19	42.833895
2959	07107	2013-08-30	20	41.44217999999999
2959	07107	2013-08-30	21	41.75145
2959	07107	2013-08-30	22	39.586560000000006
2959	07107	2013-08-30	23	38.34948
2959	07107	2013-08-31	0	36.45246
2959	07107	2013-08-31	1	37.80813
2959	07107	2013-08-31	2	40.21821
2959	07107	2013-08-31	3	38.41065
2959	07107	2013-08-31	4	38.56128
2959	07107	2013-08-31	5	39.91695
2959	07107	2013-08-31	6	42.92955
2959	07107	2013-08-31	7	53.77491
2959	07107	2013-08-31	8	57.54066
2959	07107	2013-08-31	9	59.49885
2959	07107	2013-08-31	10	60.55326
2959	07107	2013-08-31	11	62.36082
2959	07107	2013-08-31	12	47.448449999999994
2959	07107	2013-08-31	13	40.519470000000005
2959	07107	2013-08-31	14	38.862539999999996
2959	07107	2013-08-31	15	37.50687
2959	07107	2013-08-31	16	35.69931
2959	07107	2013-08-31	17	35.849940000000004
2959	07107	2013-08-31	18	34.19301
2959	07107	2013-08-31	19	37.50687
2959	07107	2013-08-31	20	37.35624
2959	07107	2013-08-31	21	38.56128
2959	07107	2013-08-31	22	36.90435
2959	07107	2013-08-31	23	37.20561