2595	08006	2013-06-01	0	15.38208
2595	08006	2013-06-01	1	15.696000000000002
2595	08006	2013-06-01	2	15.696000000000002
2595	08006	2013-06-01	3	15.696
2595	08006	2013-06-01	4	15.38208
2595	08006	2013-06-01	5	12.24288
2595	08006	2013-06-01	6	11.92896
2595	08006	2013-06-01	7	12.5568
2595	08006	2013-06-01	8	16.00992
2595	08006	2013-06-01	9	24.799680000000002
2595	08006	2013-06-01	10	27.62496
2595	08006	2013-06-01	11	26.683200000000003
2595	08006	2013-06-01	12	20.404799999999998
2595	08006	2013-06-01	13	13.184640000000002
2595	08006	2013-06-01	14	17.57952
2595	08006	2013-06-01	15	13.498560000000001
2595	08006	2013-06-01	16	15.38208
2595	08006	2013-06-01	17	11.92896
2595	08006	2013-06-01	18	12.242880000000001
2595	08006	2013-06-01	19	12.5568
2595	08006	2013-06-01	20	14.75424
2595	08006	2013-06-01	21	16.32384
2595	08006	2013-06-01	22	20.4048
2595	08006	2013-06-01	23	17.579520000000002
2595	08006	2013-06-02	0	14.889600000000002
2595	08006	2013-06-02	1	15.820200000000002
2595	08006	2013-06-02	2	16.4406
2595	08006	2013-06-02	3	15.199800000000002
2595	08006	2013-06-02	4	14.269200000000001
2595	08006	2013-06-02	5	11.7876
2595	08006	2013-06-02	6	11.4774
2595	08006	2013-06-02	7	12.0978
2595	08006	2013-06-02	8	13.3386
2595	08006	2013-06-02	9	13.959
2595	08006	2013-06-02	10	17.061
2595	08006	2013-06-02	11	15.820200000000002
2595	08006	2013-06-02	12	12.0978
2595	08006	2013-06-02	13	12.0978
2595	08006	2013-06-02	14	13.959
2595	08006	2013-06-02	15	15.820200000000002
2595	08006	2013-06-02	16	15.820200000000002
2595	08006	2013-06-02	17	13.3386
2595	08006	2013-06-02	18	12.408
2595	08006	2013-06-02	19	12.408
2595	08006	2013-06-02	20	13.959
2595	08006	2013-06-02	21	15.820200000000002
2595	08006	2013-06-02	22	15.8202
2595	08006	2013-06-02	23	16.4406
2595	08006	2013-06-03	0	14.4501
2595	08006	2013-06-03	0	18.2838
2595	08006	2013-06-03	1	14.4501
2595	08006	2013-06-03	1	15.924599999999998
2595	08006	2013-06-03	2	15.6297
2595	08006	2013-06-03	2	16.5144
2595	08006	2013-06-03	3	14.4501
2595	08006	2013-06-03	3	15.0399
2595	08006	2013-06-03	4	13.8603
2595	08006	2013-06-03	5	11.5011
2595	08006	2013-06-03	6	17.694
2595	08006	2013-06-03	7	33.0288
2595	08006	2013-06-03	8	54.2616
2595	08006	2013-06-03	9	60.1596
2595	08006	2013-06-03	10	63.6984
2595	08006	2013-06-03	11	66.9423
2595	08006	2013-06-03	12	64.5831
2595	08006	2013-06-03	13	69.59639999999999
2595	08006	2013-06-03	14	66.0576
2595	08006	2013-06-03	15	57.5055
2595	08006	2013-06-03	16	47.184000000000005
2595	08006	2013-06-03	17	28.310399999999998
2595	08006	2013-06-03	18	19.758300000000002
2595	08006	2013-06-04	0	14.20572
2595	08006	2013-06-04	1	15.441
2595	08006	2013-06-04	2	14.20572
2595	08006	2013-06-04	3	16.058639999999997
2595	08006	2013-06-04	4	13.58808
2595	08006	2013-06-04	5	11.11752
2595	08006	2013-06-04	6	13.27926
2595	08006	2013-06-04	7	27.484979999999997
2595	08006	2013-06-04	8	57.131699999999995
2595	08006	2013-06-04	9	67.9404
2595	08006	2013-06-04	10	69.17568
2595	08006	2013-06-04	11	70.41096
2595	08006	2013-06-04	12	64.54338
2595	08006	2013-06-04	13	63.925740000000005
2595	08006	2013-06-04	14	64.8522
2595	08006	2013-06-04	15	60.83754
2595	08006	2013-06-04	16	52.80822
2595	08006	2013-06-04	17	38.911319999999996
2595	08006	2013-06-04	18	25.632060000000003
2595	08006	2013-06-04	19	22.235039999999998
2595	08006	2013-06-04	20	20.99976
2595	08006	2013-06-04	21	21.30858
2595	08006	2013-06-04	22	17.29392
2595	08006	2013-06-04	23	16.36746
2595	08006	2013-06-05	0	16.52805
2595	08006	2013-06-05	1	16.2162
2595	08006	2013-06-05	2	16.8399
2595	08006	2013-06-05	3	17.15175
2595	08006	2013-06-05	4	16.8399
2595	08006	2013-06-05	5	13.40955
2595	08006	2013-06-05	6	17.15175
2595	08006	2013-06-05	7	34.3035
2595	08006	2013-06-05	8	62.058150000000005
2595	08006	2013-06-05	9	65.80035000000001
2595	08006	2013-06-05	10	66.7359
2595	08006	2013-06-05	11	61.1226
2595	08006	2013-06-05	12	57.380399999999995
2595	08006	2013-06-05	13	58.00410000000001
2595	08006	2013-06-05	14	54.2619
2595	08006	2013-06-05	15	50.83154999999999
2595	08006	2013-06-05	16	40.5405
2595	08006	2013-06-05	17	23.0769
2595	08006	2013-06-05	18	19.02285
2595	08006	2013-06-05	19	19.334699999999998
2595	08006	2013-06-05	20	19.334699999999998
2595	08006	2013-06-05	21	20.270249999999997
2595	08006	2013-06-05	22	20.89395
2595	08006	2013-06-05	23	17.15175
2595	08006	2013-06-06	0	15.78042
2595	08006	2013-06-06	1	17.94636
2595	08006	2013-06-06	2	16.08984
2595	08006	2013-06-06	3	16.70868
2595	08006	2013-06-06	4	16.089840000000002
2595	08006	2013-06-06	5	13.30506
2595	08006	2013-06-06	6	18.25578
2595	08006	2013-06-06	7	34.65504
2595	08006	2013-06-06	8	54.45792
2595	08006	2013-06-06	9	74.57022
2595	08006	2013-06-06	10	69.61949999999999
2595	08006	2013-06-06	11	70.54776
2595	08006	2013-06-06	12	64.9782
2595	08006	2013-06-06	13	62.50284
2595	08006	2013-06-06	14	60.3369
2595	08006	2013-06-06	15	56.31444
2595	08006	2013-06-06	16	42.39054
2595	08006	2013-06-06	17	32.798519999999996
2595	08006	2013-06-06	18	22.27824
2595	08006	2013-06-06	19	19.802880000000002
2595	08006	2013-06-06	20	19.493460000000002
2595	08006	2013-06-06	21	21.34998
2595	08006	2013-06-06	22	23.515919999999998
2595	08006	2013-06-06	23	19.802880000000002
2595	08006	2013-06-07	0	16.59672
2595	08006	2013-06-07	1	16.30035
2595	08006	2013-06-07	2	15.707609999999999
2595	08006	2013-06-07	3	16.59672
2595	08006	2013-06-07	4	14.522129999999997
2595	08006	2013-06-07	5	13.336649999999999
2595	08006	2013-06-07	6	18.07857
2595	08006	2013-06-07	7	29.340629999999997
2595	08006	2013-06-07	8	45.04824
2595	08006	2013-06-07	9	50.08653
2595	08006	2013-06-07	10	52.75386
2595	08006	2013-06-07	11	52.75386
2595	08006	2013-06-07	12	47.4192
2595	08006	2013-06-07	13	52.45748999999999
2595	08006	2013-06-07	14	49.49379
2595	08006	2013-06-07	15	46.23372
2595	08006	2013-06-07	16	32.89707
2595	08006	2013-06-07	17	22.82049
2595	08006	2013-06-07	18	19.26405
2595	08006	2013-06-07	19	13.92939
2595	08006	2013-06-07	20	15.707609999999999
2595	08006	2013-06-07	21	20.7459
2595	08006	2013-06-07	22	17.782200000000003
2595	08006	2013-06-07	23	16.59672
2595	08006	2013-06-08	0	16.338
2595	08006	2013-06-08	0	16.338
2595	08006	2013-06-08	1	15.7545
2595	08006	2013-06-08	1	15.46275
2595	08006	2013-06-08	2	12.837
2595	08006	2013-06-08	3	12.54525
2595	08006	2013-06-08	4	14.004
2595	08006	2013-06-08	5	17.79675
2595	08006	2013-06-08	6	23.04825
2595	08006	2013-06-08	7	23.04825
2595	08006	2013-06-08	8	31.21725
2595	08006	2013-06-08	9	21.589499999999997
2595	08006	2013-06-08	10	16.629749999999998
2595	08006	2013-06-08	11	15.171
2595	08006	2013-06-08	12	15.7545
2595	08006	2013-06-08	13	15.171
2595	08006	2013-06-08	14	16.338
2595	08006	2013-06-08	15	12.54525
2595	08006	2013-06-08	16	18.672
2595	08006	2013-06-08	17	18.963749999999997
2595	08006	2013-06-08	18	18.0885
2595	08006	2013-06-08	19	16.338
2595	08006	2013-06-08	20	16.04625
2595	08006	2013-06-09	0	16.934399999999997
2595	08006	2013-06-09	1	17.5392
2595	08006	2013-06-09	2	16.632
2595	08006	2013-06-09	3	18.144
2595	08006	2013-06-09	4	14.817599999999999
2595	08006	2013-06-09	5	13.0032
2595	08006	2013-06-09	6	13.608
2595	08006	2013-06-09	7	14.212800000000001
2595	08006	2013-06-09	8	13.9104
2595	08006	2013-06-09	9	13.9104
2595	08006	2013-06-09	10	13.3056
2595	08006	2013-06-09	11	13.9104
2595	08006	2013-06-09	12	13.9104
2595	08006	2013-06-09	13	15.120000000000001
2595	08006	2013-06-09	14	13.607999999999999
2595	08006	2013-06-09	15	13.607999999999999
2595	08006	2013-06-09	16	14.8176
2595	08006	2013-06-09	17	16.632
2595	08006	2013-06-09	18	15.7248
2595	08006	2013-06-09	19	14.8176
2595	08006	2013-06-09	20	15.120000000000001
2595	08006	2013-06-09	21	17.539199999999997
2595	08006	2013-06-09	22	16.934399999999997
2595	08006	2013-06-09	23	17.8416
2595	08006	2013-06-10	0	17.45394
2595	08006	2013-06-10	1	16.85208
2595	08006	2013-06-10	2	17.453940000000003
2595	08006	2013-06-10	3	17.153010000000002
2595	08006	2013-06-10	4	15.64836
2595	08006	2013-06-10	5	13.84278
2595	08006	2013-06-10	6	17.75487
2595	08006	2013-06-10	7	35.81067
2595	08006	2013-06-10	8	49.95438
2595	08006	2013-06-10	9	58.07949
2595	08006	2013-06-10	10	59.28321
2595	08006	2013-06-10	11	54.1674
2595	08006	2013-06-10	12	54.1674
2595	08006	2013-06-10	13	52.06089
2595	08006	2013-06-10	14	51.158100000000005
2595	08006	2013-06-10	15	47.24601
2595	08006	2013-06-10	16	39.1209
2595	08006	2013-06-10	17	23.17161
2595	08006	2013-06-10	18	14.74557
2595	08006	2013-06-10	19	17.453940000000003
2595	08006	2013-06-10	20	21.66696
2595	08006	2013-06-10	21	19.56045
2595	08006	2013-06-10	22	15.64836
2595	08006	2013-06-10	23	15.64836
2595	08006	2013-06-11	0	15.9198
2595	08006	2013-06-11	1	15.613650000000002
2595	08006	2013-06-11	2	15.9198
2595	08006	2013-06-11	3	16.22595
2595	08006	2013-06-11	4	15.00135
2595	08006	2013-06-11	5	13.470600000000001
2595	08006	2013-06-11	6	15.919800000000002
2595	08006	2013-06-11	7	29.696549999999995
2595	08006	2013-06-11	8	45.00405
2595	08006	2013-06-11	9	56.02545
2595	08006	2013-06-11	10	60.6177
2595	08006	2013-06-11	11	57.86235
2595	08006	2013-06-11	12	58.1685
2595	08006	2013-06-11	13	56.637750000000004
2595	08006	2013-06-11	14	56.331599999999995
2595	08006	2013-06-11	15	56.02544999999999
2595	08006	2013-06-11	16	40.10565
2595	08006	2013-06-11	17	29.3904
2595	08006	2013-06-11	18	18.67515
2595	08006	2013-06-11	19	16.5321
2595	08006	2013-06-11	20	17.1444
2595	08006	2013-06-11	21	20.51205
2595	08006	2013-06-11	22	16.5321
2595	08006	2013-06-11	23	15.613649999999998
2595	08006	2013-06-12	0	13.29354
2595	08006	2013-06-12	0	52.88517
2595	08006	2013-06-12	1	51.15123
2595	08006	2013-06-12	1	13.29354
2595	08006	2013-06-12	2	13.29354
2595	08006	2013-06-12	2	52.0182
2595	08006	2013-06-12	3	49.70628000000001
2595	08006	2013-06-12	3	13.87152
2595	08006	2013-06-12	4	48.83931
2595	08006	2013-06-12	4	13.004550000000002
2595	08006	2013-06-12	5	11.5596
2595	08006	2013-06-12	5	45.66042
2595	08006	2013-06-12	6	11.848590000000002
2595	08006	2013-06-12	6	31.7889
2595	08006	2013-06-12	7	20.80728
2595	08006	2013-06-12	7	24.27516
2595	08006	2013-06-12	8	15.60546
2595	08006	2013-06-12	8	46.2384
2595	08006	2013-06-12	9	58.95396
2595	08006	2013-06-12	9	17.628390000000003
2595	08006	2013-06-12	10	16.76142
2595	08006	2013-06-12	11	15.316469999999999
2595	08006	2013-06-12	12	15.316470000000002
2595	08006	2013-06-13	0	14.811
2595	08006	2013-06-13	1	15.107219999999998
2595	08006	2013-06-13	2	15.107220000000002
2595	08006	2013-06-13	3	15.107219999999998
2595	08006	2013-06-13	4	13.03368
2595	08006	2013-06-13	5	13.03368
2595	08006	2013-06-13	6	14.514780000000002
2595	08006	2013-06-13	7	21.62406
2595	08006	2013-06-13	8	39.989700000000006
2595	08006	2013-06-13	9	47.098980000000005
2595	08006	2013-06-13	10	46.80276
2595	08006	2013-06-13	11	46.80276
2595	08006	2013-06-13	12	48.8763
2595	08006	2013-06-13	13	50.653620000000004
2595	08006	2013-06-13	14	52.72716
2595	08006	2013-06-13	15	51.24606
2595	08006	2013-06-13	16	43.24812
2595	08006	2013-06-13	17	29.622
2595	08006	2013-06-13	18	22.80894
2595	08006	2013-06-13	19	19.254299999999997
2595	08006	2013-06-13	20	17.7732
2595	08006	2013-06-13	21	18.06942
2595	08006	2013-06-13	22	15.40344
2595	08006	2013-06-13	23	15.107220000000002
2595	08006	2013-06-14	0	14.91462
2595	08006	2013-06-14	1	16.7409
2595	08006	2013-06-14	2	14.91462
2595	08006	2013-06-14	3	16.13214
2595	08006	2013-06-14	4	13.088340000000002
2595	08006	2013-06-14	5	11.870820000000002
2595	08006	2013-06-14	6	13.697099999999999
2595	08006	2013-06-14	7	23.437260000000002
2595	08006	2013-06-14	8	36.22122
2595	08006	2013-06-14	9	49.00518
2595	08006	2013-06-14	10	49.00518
2595	08006	2013-06-14	11	49.00518
2595	08006	2013-06-14	12	49.00518
2595	08006	2013-06-14	13	55.70154
2595	08006	2013-06-14	14	50.527080000000005
2595	08006	2013-06-14	15	45.96138
2595	08006	2013-06-14	16	35.61246
2595	08006	2013-06-14	17	24.95916
2595	08006	2013-06-14	18	20.393459999999997
2595	08006	2013-06-14	19	18.2628
2595	08006	2013-06-14	20	17.34966
2595	08006	2013-06-14	21	20.393459999999997
2595	08006	2013-06-14	22	19.7847
2595	08006	2013-06-14	23	19.17594
2595	08006	2013-06-15	0	15.37914
2595	08006	2013-06-15	1	16.32072
2595	08006	2013-06-15	2	15.693000000000001
2595	08006	2013-06-15	3	16.006860000000003
2595	08006	2013-06-15	4	14.123700000000001
2595	08006	2013-06-15	5	13.495980000000001
2595	08006	2013-06-15	6	12.86826
2595	08006	2013-06-15	7	13.49598
2595	08006	2013-06-15	8	14.75142
2595	08006	2013-06-15	9	20.71476
2595	08006	2013-06-15	10	21.65634
2595	08006	2013-06-15	11	22.284059999999997
2595	08006	2013-06-15	12	16.94844
2595	08006	2013-06-15	13	12.24054
2595	08006	2013-06-15	14	12.24054
2595	08006	2013-06-15	15	11.61282
2595	08006	2013-06-15	16	12.5544
2595	08006	2013-06-15	17	12.868260000000001
2595	08006	2013-06-15	18	11.61282
2595	08006	2013-06-15	19	12.86826
2595	08006	2013-06-15	20	12.86826
2595	08006	2013-06-15	21	16.006860000000003
2595	08006	2013-06-15	22	15.065280000000001
2595	08006	2013-06-15	23	16.94844
2595	08006	2013-06-16	0	10.73259
2595	08006	2013-06-16	0	14.21343
2595	08006	2013-06-16	1	14.21343
2595	08006	2013-06-16	1	12.18294
2595	08006	2013-06-16	2	12.76308
2595	08006	2013-06-16	2	14.5035
2595	08006	2013-06-16	3	14.21343
2595	08006	2013-06-16	3	14.5035
2595	08006	2013-06-16	4	14.21343
2595	08006	2013-06-16	4	12.47301
2595	08006	2013-06-16	5	12.18294
2595	08006	2013-06-16	6	11.02266
2595	08006	2013-06-16	7	11.02266
2595	08006	2013-06-16	8	11.31273
2595	08006	2013-06-16	9	10.73259
2595	08006	2013-06-16	10	11.31273
2595	08006	2013-06-16	11	11.89287
2595	08006	2013-06-16	12	14.213429999999999
2595	08006	2013-06-16	13	14.5035
2595	08006	2013-06-16	14	11.6028
2595	08006	2013-06-16	15	11.6028
2595	08006	2013-06-16	16	11.89287
2595	08006	2013-06-16	17	11.6028
2595	08006	2013-06-17	0	16.31181
2595	08006	2013-06-17	1	14.77296
2595	08006	2013-06-17	2	15.3885
2595	08006	2013-06-17	3	15.696270000000002
2595	08006	2013-06-17	4	12.61857
2595	08006	2013-06-17	5	12.00303
2595	08006	2013-06-17	6	13.23411
2595	08006	2013-06-17	7	26.46822
2595	08006	2013-06-17	8	37.54794
2595	08006	2013-06-17	9	58.168530000000004
2595	08006	2013-06-17	10	59.09184
2595	08006	2013-06-17	11	56.62967999999999
2595	08006	2013-06-17	12	56.01414
2595	08006	2013-06-17	13	56.62968000000001
2595	08006	2013-06-17	14	56.321909999999995
2595	08006	2013-06-17	15	55.70636999999999
2595	08006	2013-06-17	16	44.93442
2595	08006	2013-06-17	17	29.23815
2595	08006	2013-06-17	18	16.31181
2595	08006	2013-06-17	19	15.696269999999998
2595	08006	2013-06-17	20	13.84965
2595	08006	2013-06-17	21	18.158430000000003
2595	08006	2013-06-17	22	17.235120000000002
2595	08006	2013-06-17	23	15.696270000000002
2595	08006	2013-06-18	0	15.78501
2595	08006	2013-06-18	1	15.165989999999999
2595	08006	2013-06-18	2	17.02305
2595	08006	2013-06-18	3	16.09452
2595	08006	2013-06-18	4	13.30893
2595	08006	2013-06-18	5	12.689910000000001
2595	08006	2013-06-18	6	15.4755
2595	08006	2013-06-18	7	26.927369999999996
2595	08006	2013-06-18	8	41.164829999999995
2595	08006	2013-06-18	9	58.8069
2595	08006	2013-06-18	10	56.64032999999999
2595	08006	2013-06-18	11	56.02131
2595	08006	2013-06-18	12	59.11641
2595	08006	2013-06-18	13	56.94984
2595	08006	2013-06-18	14	51.99768
2595	08006	2013-06-18	15	55.7118
2595	08006	2013-06-18	16	47.045519999999996
2595	08006	2013-06-18	17	29.71296
2595	08006	2013-06-18	18	20.11815
2595	08006	2013-06-18	19	13.61844
2595	08006	2013-06-18	20	14.856480000000001
2595	08006	2013-06-18	21	16.404030000000002
2595	08006	2013-06-18	22	17.02305
2595	08006	2013-06-18	23	17.33256
2595	08006	2013-06-19	0	16.1433
2595	08006	2013-06-19	1	16.1433
2595	08006	2013-06-19	2	15.84435
2595	08006	2013-06-19	3	16.7412
2595	08006	2013-06-19	4	14.050650000000001
2595	08006	2013-06-19	5	13.1538
2595	08006	2013-06-19	6	16.1433
2595	08006	2013-06-19	7	22.7202
2595	08006	2013-06-19	8	39.4614
2595	08006	2013-06-19	9	53.2131
2595	08006	2013-06-19	10	57.09945
2595	08006	2013-06-19	11	55.30575
2595	08006	2013-06-19	12	52.0173
2595	08006	2013-06-19	13	53.51205
2595	08006	2013-06-19	14	54.70784999999999
2595	08006	2013-06-19	15	50.52255
2595	08006	2013-06-19	16	50.8215
2595	08006	2013-06-19	17	36.770849999999996
2595	08006	2013-06-19	18	18.83385
2595	08006	2013-06-19	19	20.3286
2595	08006	2013-06-19	20	19.7307
2595	08006	2013-06-19	21	16.1433
2595	08006	2013-06-19	22	15.84435
2595	08006	2013-06-19	23	15.246450000000001
2595	08006	2013-06-20	0	16.02588
2595	08006	2013-06-20	1	16.02588
2595	08006	2013-06-20	2	15.717690000000001
2595	08006	2013-06-20	3	17.56683
2595	08006	2013-06-20	4	13.56036
2595	08006	2013-06-20	5	13.868549999999999
2595	08006	2013-06-20	6	14.793119999999998
2595	08006	2013-06-20	7	26.19615
2595	08006	2013-06-20	8	40.0647
2595	08006	2013-06-20	9	65.02808999999999
2595	08006	2013-06-20	10	63.79533
2595	08006	2013-06-20	11	62.56257
2595	08006	2013-06-20	12	55.78239
2595	08006	2013-06-20	13	58.86429
2595	08006	2013-06-20	14	62.56257
2595	08006	2013-06-20	15	56.09058
2595	08006	2013-06-20	16	50.851350000000004
2595	08006	2013-06-20	17	39.14013
2595	08006	2013-06-20	18	19.72416
2595	08006	2013-06-20	19	17.87502
2595	08006	2013-06-20	20	18.18321
2595	08006	2013-06-20	21	20.95692
2595	08006	2013-06-20	22	20.64873
2595	08006	2013-06-20	23	17.25864
2595	08006	2013-06-21	0	16.10034
2595	08006	2013-06-21	0	16.7079
2595	08006	2013-06-21	1	16.10034
2595	08006	2013-06-21	1	16.40412
2595	08006	2013-06-21	2	13.973880000000001
2595	08006	2013-06-21	3	12.758759999999999
2595	08006	2013-06-21	4	14.581439999999999
2595	08006	2013-06-21	5	26.732640000000004
2595	08006	2013-06-21	6	45.567
2595	08006	2013-06-21	7	60.14844
2595	08006	2013-06-21	8	64.40136
2595	08006	2013-06-21	9	64.70514
2595	08006	2013-06-21	10	58.933319999999995
2595	08006	2013-06-21	11	55.89552
2595	08006	2013-06-21	12	59.844660000000005
2595	08006	2013-06-21	13	51.33882
2595	08006	2013-06-21	14	40.40274
2595	08006	2013-06-21	15	29.466659999999997
2595	08006	2013-06-21	16	20.65704
2595	08006	2013-06-21	17	19.44192
2595	08006	2013-06-21	18	18.53058
2595	08006	2013-06-21	19	21.568379999999998
2595	08006	2013-06-21	20	21.2646
2595	08006	2013-06-21	21	20.35326
2595	08006	2013-06-22	0	20.19447
2595	08006	2013-06-22	1	19.89306
2595	08006	2013-06-22	2	17.783189999999998
2595	08006	2013-06-22	3	17.48178
2595	08006	2013-06-22	4	14.769089999999998
2595	08006	2013-06-22	5	12.659220000000001
2595	08006	2013-06-22	6	13.262039999999999
2595	08006	2013-06-22	7	15.070500000000001
2595	08006	2013-06-22	8	19.89306
2595	08006	2013-06-22	9	31.64805
2595	08006	2013-06-22	10	34.66215
2595	08006	2013-06-22	11	25.92126
2595	08006	2013-06-22	12	16.27614
2595	08006	2013-06-22	13	13.86486
2595	08006	2013-06-22	14	12.960630000000002
2595	08006	2013-06-22	15	4.82256
2595	08006	2013-06-22	16	7.23384
2595	08006	2013-06-22	17	12.65922
2595	08006	2013-06-22	18	12.357809999999999
2595	08006	2013-06-22	19	12.0564
2595	08006	2013-06-22	20	10.54935
2595	08006	2013-06-22	21	14.16627
2595	08006	2013-06-22	22	13.86486
2595	08006	2013-06-22	23	13.86486
2595	08006	2013-06-23	0	17.28384
2595	08006	2013-06-23	0	13.58016
2595	08006	2013-06-23	1	14.19744
2595	08006	2013-06-23	2	12.65424
2595	08006	2013-06-23	3	13.271519999999999
2595	08006	2013-06-23	4	11.72832
2595	08006	2013-06-23	5	9.87648
2595	08006	2013-06-23	6	9.87648
2595	08006	2013-06-23	7	9.56784
2595	08006	2013-06-23	8	10.49376
2595	08006	2013-06-23	9	8.641919999999999
2595	08006	2013-06-23	10	10.18512
2595	08006	2013-06-23	11	9.87648
2595	08006	2013-06-23	12	12.036959999999999
2595	08006	2013-06-23	13	11.41968
2595	08006	2013-06-23	14	12.65424
2595	08006	2013-06-23	15	12.96288
2595	08006	2013-06-23	16	10.802399999999999
2595	08006	2013-06-23	17	9.56784
2595	08006	2013-06-23	18	10.802399999999999
2595	08006	2013-06-23	19	10.8024
2595	08006	2013-06-23	20	11.41968
2595	08006	2013-06-23	21	16.9752
2595	08006	2013-06-24	0	14.714010000000002
2595	08006	2013-06-24	1	16.73358
2595	08006	2013-06-24	2	16.73358
2595	08006	2013-06-24	3	15.86805
2595	08006	2013-06-24	4	12.11742
2595	08006	2013-06-24	5	10.38636
2595	08006	2013-06-24	6	11.25189
2595	08006	2013-06-24	7	29.428019999999997
2595	08006	2013-06-24	8	42.69948
2595	08006	2013-06-24	9	51.06627
2595	08006	2013-06-24	10	51.06627
2595	08006	2013-06-24	11	52.50882
2595	08006	2013-06-24	12	45.00756
2595	08006	2013-06-24	13	46.738620000000004
2595	08006	2013-06-24	14	50.777759999999994
2595	08006	2013-06-24	15	50.48925
2595	08006	2013-06-24	16	36.92928
2595	08006	2013-06-24	17	30.29355
2595	08006	2013-06-24	18	21.92676
2595	08006	2013-06-24	19	16.73358
2595	08006	2013-06-24	20	14.4255
2595	08006	2013-06-24	21	17.599110000000003
2595	08006	2013-06-24	22	16.15656
2595	08006	2013-06-24	23	16.73358
2595	08006	2013-06-25	0	15.04776
2595	08006	2013-06-25	1	14.17962
2595	08006	2013-06-25	2	14.469
2595	08006	2013-06-25	3	14.469000000000001
2595	08006	2013-06-25	4	13.89024
2595	08006	2013-06-25	5	11.285820000000001
2595	08006	2013-06-25	6	14.758379999999999
2595	08006	2013-06-25	7	28.069860000000002
2595	08006	2013-06-25	8	43.69638
2595	08006	2013-06-25	9	52.0884
2595	08006	2013-06-25	10	51.79902
2595	08006	2013-06-25	11	50.6415
2595	08006	2013-06-25	12	48.61584
2595	08006	2013-06-25	13	48.615840000000006
2595	08006	2013-06-25	14	48.90522
2595	08006	2013-06-25	15	45.72204
2595	08006	2013-06-25	16	39.35568
2595	08006	2013-06-25	17	22.571640000000002
2595	08006	2013-06-25	18	20.256600000000002
2595	08006	2013-06-25	19	15.9159
2595	08006	2013-06-25	20	15.9159
2595	08006	2013-06-25	21	16.20528
2595	08006	2013-06-25	22	15.62652
2595	08006	2013-06-25	23	14.469000000000001
2595	08006	2013-06-26	0	14.86701
2595	08006	2013-06-26	1	15.15852
2595	08006	2013-06-26	2	14.575499999999998
2595	08006	2013-06-26	3	14.86701
2595	08006	2013-06-26	4	14.5755
2595	08006	2013-06-26	5	11.077379999999998
2595	08006	2013-06-26	6	13.11795
2595	08006	2013-06-26	7	24.48684
2595	08006	2013-06-26	8	41.97744
2595	08006	2013-06-26	9	54.80388
2595	08006	2013-06-26	10	53.05482
2595	08006	2013-06-26	11	50.722739999999995
2595	08006	2013-06-26	12	51.597269999999995
2595	08006	2013-06-26	13	47.22462
2595	08006	2013-06-26	14	47.224619999999994
2595	08006	2013-06-26	15	44.30952
2595	08006	2013-06-26	16	41.97744
2595	08006	2013-06-26	17	29.151
2595	08006	2013-06-26	18	23.3208
2595	08006	2013-06-26	19	17.78211
2595	08006	2013-06-26	20	17.782110000000003
2595	08006	2013-06-26	21	20.4057
2595	08006	2013-06-26	22	19.23966
2595	08006	2013-06-26	23	15.74154
2595	08006	2013-06-27	0	16.62186
2595	08006	2013-06-27	1	17.56272
2595	08006	2013-06-27	2	15.681000000000001
2595	08006	2013-06-27	3	17.2491
2595	08006	2013-06-27	4	15.36738
2595	08006	2013-06-27	5	13.172039999999999
2595	08006	2013-06-27	6	15.36738
2595	08006	2013-06-27	7	28.85304
2595	08006	2013-06-27	8	46.102140000000006
2595	08006	2013-06-27	9	56.13798
2595	08006	2013-06-27	10	58.33332
2595	08006	2013-06-27	11	57.07884
2595	08006	2013-06-27	12	54.569880000000005
2595	08006	2013-06-27	13	52.06092
2595	08006	2013-06-27	14	50.80644
2595	08006	2013-06-27	15	49.86558
2595	08006	2013-06-27	16	38.88888
2595	08006	2013-06-27	17	32.616479999999996
2595	08006	2013-06-27	18	21.01254
2595	08006	2013-06-27	19	19.13082
2595	08006	2013-06-27	20	20.69892
2595	08006	2013-06-27	21	23.5215
2595	08006	2013-06-27	22	22.58064
2595	08006	2013-06-27	23	18.50358
2595	08006	2013-06-28	0	16.328400000000002
2595	08006	2013-06-28	0	16.62528
2595	08006	2013-06-28	1	15.734640000000002
2595	08006	2013-06-28	1	28.2036
2595	08006	2013-06-28	2	41.26632
2595	08006	2013-06-28	2	16.03152
2595	08006	2013-06-28	3	16.62528
2595	08006	2013-06-28	3	57.00096
2595	08006	2013-06-28	4	16.03152
2595	08006	2013-06-28	4	52.25088
2595	08006	2013-06-28	5	53.4384
2595	08006	2013-06-28	5	14.547119999999998
2595	08006	2013-06-28	6	49.87584
2595	08006	2013-06-28	7	47.79768
2595	08006	2013-06-28	8	48.98519999999999
2595	08006	2013-06-28	9	48.98519999999999
2595	08006	2013-06-28	10	39.78192
2595	08006	2013-06-28	11	24.93792
2595	08006	2013-06-28	12	18.70344
2595	08006	2013-06-28	13	14.844
2595	08006	2013-06-28	14	14.25024
2595	08006	2013-06-28	15	16.03152
2595	08006	2013-06-28	16	16.03152
2595	08006	2013-06-28	17	16.328400000000002
2595	08006	2013-06-29	0	15.06648
2595	08006	2013-06-29	1	15.06648
2595	08006	2013-06-29	2	16.51518
2595	08006	2013-06-29	3	15.645959999999999
2595	08006	2013-06-29	4	13.907520000000002
2595	08006	2013-06-29	5	13.0383
2595	08006	2013-06-29	6	11.879340000000003
2595	08006	2013-06-29	7	12.748560000000001
2595	08006	2013-06-29	8	18.253619999999998
2595	08006	2013-06-29	9	25.20738
2595	08006	2013-06-29	10	24.33816
2595	08006	2013-06-29	11	28.394520000000004
2595	08006	2013-06-29	12	21.730500000000003
2595	08006	2013-06-29	13	13.32804
2595	08006	2013-06-29	14	13.61778
2595	08006	2013-06-29	15	13.0383
2595	08006	2013-06-29	16	13.32804
2595	08006	2013-06-29	17	13.0383
2595	08006	2013-06-29	18	12.169080000000001
2595	08006	2013-06-29	19	11.879340000000003
2595	08006	2013-06-29	20	13.0383
2595	08006	2013-06-29	21	15.935699999999999
2595	08006	2013-06-29	22	16.80492
2595	08006	2013-06-29	23	16.51518
2595	08006	2013-06-30	0	15.821729999999999
2595	08006	2013-06-30	1	16.13196
2595	08006	2013-06-30	2	17.062649999999998
2595	08006	2013-06-30	3	16.442189999999997
2595	08006	2013-06-30	4	15.821729999999999
2595	08006	2013-06-30	5	13.650120000000001
2595	08006	2013-06-30	6	12.719430000000001
2595	08006	2013-06-30	7	13.02966
2595	08006	2013-06-30	8	13.02966
2595	08006	2013-06-30	9	13.02966
2595	08006	2013-06-30	10	13.96035
2595	08006	2013-06-30	11	13.33989
2595	08006	2013-06-30	12	12.71943
2595	08006	2013-06-30	13	13.02966
2595	08006	2013-06-30	14	13.33989
2595	08006	2013-06-30	15	12.4092
2595	08006	2013-06-30	16	13.960350000000002
2595	08006	2013-06-30	17	13.02966
2595	08006	2013-06-30	18	12.71943
2595	08006	2013-06-30	19	12.71943
2595	08006	2013-06-30	20	13.33989
2595	08006	2013-06-30	21	17.062649999999998
2595	08006	2013-06-30	22	17.99334
2595	08006	2013-06-30	23	16.44219
2595	08006	2013-07-01	0	16.36908
2595	08006	2013-07-01	0	22.35009
2595	08006	2013-07-01	1	16.683870000000002
2595	08006	2013-07-01	1	18.57261
2595	08006	2013-07-01	2	17.62824
2595	08006	2013-07-01	2	16.36908
2595	08006	2013-07-01	3	19.20219
2595	08006	2013-07-01	3	16.99866
2595	08006	2013-07-01	4	19.83177
2595	08006	2013-07-01	4	15.109919999999999
2595	08006	2013-07-01	5	19.51698
2595	08006	2013-07-01	5	13.22118
2595	08006	2013-07-01	6	15.7395
2595	08006	2013-07-01	7	24.55362
2595	08006	2013-07-01	8	38.71917
2595	08006	2013-07-01	9	47.53329
2595	08006	2013-07-01	10	46.27413
2595	08006	2013-07-01	11	49.736819999999994
2595	08006	2013-07-01	12	47.2185
2595	08006	2013-07-01	13	56.03262
2595	08006	2013-07-01	14	49.73682
2595	08006	2013-07-01	15	48.47766
2595	08006	2013-07-01	16	40.29312
2595	08006	2013-07-02	0	16.71444
2595	08006	2013-07-02	1	16.71444
2595	08006	2013-07-02	2	17.2908
2595	08006	2013-07-02	3	17.57898
2595	08006	2013-07-02	4	15.273539999999999
2595	08006	2013-07-02	5	14.408999999999999
2595	08006	2013-07-02	6	17.867160000000002
2595	08006	2013-07-02	7	27.66528
2595	08006	2013-07-02	8	37.751580000000004
2595	08006	2013-07-02	9	57.635999999999996
2595	08006	2013-07-02	10	60.805980000000005
2595	08006	2013-07-02	11	55.33056
2595	08006	2013-07-02	12	55.61874
2595	08006	2013-07-02	13	63.11142
2595	08006	2013-07-02	14	61.67052
2595	08006	2013-07-02	15	59.94144
2595	08006	2013-07-02	16	54.177839999999996
2595	08006	2013-07-02	17	35.73432
2595	08006	2013-07-02	18	18.7317
2595	08006	2013-07-02	19	14.120819999999998
2595	08006	2013-07-02	20	14.69718
2595	08006	2013-07-02	21	15.849899999999998
2595	08006	2013-07-02	22	17.57898
2595	08006	2013-07-02	23	15.849899999999998
2595	08006	2013-07-03	0	15.5064
2595	08006	2013-07-03	1	15.8046
2595	08006	2013-07-03	2	15.804599999999999
2595	08006	2013-07-03	3	16.102800000000002
2595	08006	2013-07-03	4	14.91
2595	08006	2013-07-03	5	13.418999999999999
2595	08006	2013-07-03	6	16.401
2595	08006	2013-07-03	7	25.347
2595	08006	2013-07-03	8	40.257000000000005
2595	08006	2013-07-03	9	54.8688
2595	08006	2013-07-03	10	59.0436
2595	08006	2013-07-03	11	55.167
2595	08006	2013-07-03	12	52.781400000000005
2595	08006	2013-07-03	13	56.3598
2595	08006	2013-07-03	14	59.3418
2595	08006	2013-07-03	15	55.4652
2595	08006	2013-07-03	16	41.449799999999996
2595	08006	2013-07-03	17	25.645200000000003
2595	08006	2013-07-03	18	15.208199999999998
2595	08006	2013-07-03	19	13.1208
2595	08006	2013-07-03	20	15.5064
2595	08006	2013-07-03	21	18.7866
2595	08006	2013-07-03	22	18.1902
2595	08006	2013-07-03	23	16.401
2595	08006	2013-07-04	0	16.219440000000002
2595	08006	2013-07-04	1	15.31836
2595	08006	2013-07-04	2	16.21944
2595	08006	2013-07-04	3	15.61872
2595	08006	2013-07-04	4	14.41728
2595	08006	2013-07-04	5	13.5162
2595	08006	2013-07-04	6	13.81656
2595	08006	2013-07-04	7	19.523400000000002
2595	08006	2013-07-04	8	35.74284
2595	08006	2013-07-04	9	54.66552
2595	08006	2013-07-04	10	57.0684
2595	08006	2013-07-04	11	60.071999999999996
2595	08006	2013-07-04	12	55.56660000000001
2595	08006	2013-07-04	13	52.86336000000001
2595	08006	2013-07-04	14	51.96228
2595	08006	2013-07-04	15	47.456880000000005
2595	08006	2013-07-04	16	41.44968
2595	08006	2013-07-04	17	33.64032
2595	08006	2013-07-04	18	14.41728
2595	08006	2013-07-04	19	14.11692
2595	08006	2013-07-04	20	16.21944
2595	08006	2013-07-04	21	19.22304
2595	08006	2013-07-04	22	20.42448
2595	08006	2013-07-04	23	16.21944
2595	08006	2013-07-05	0	15.12864
2595	08006	2013-07-05	1	15.12864
2595	08006	2013-07-05	2	15.42528
2595	08006	2013-07-05	3	15.42528
2595	08006	2013-07-05	4	14.23872
2595	08006	2013-07-05	5	13.3488
2595	08006	2013-07-05	6	11.8656
2595	08006	2013-07-05	7	12.45888
2595	08006	2013-07-05	8	12.16224
2595	08006	2013-07-05	9	12.16224
2595	08006	2013-07-05	10	14.53536
2595	08006	2013-07-05	11	16.3152
2595	08006	2013-07-05	12	17.7984
2595	08006	2013-07-05	13	15.12864
2595	08006	2013-07-05	14	13.3488
2595	08006	2013-07-05	15	16.01856
2595	08006	2013-07-05	16	11.8656
2595	08006	2013-07-05	17	13.64544
2595	08006	2013-07-05	18	12.45888
2595	08006	2013-07-05	19	12.16224
2595	08006	2013-07-05	20	13.94208
2595	08006	2013-07-05	21	15.72192
2595	08006	2013-07-05	22	15.72192
2595	08006	2013-07-05	23	16.3152
2595	08006	2013-07-06	0	16.59006
2595	08006	2013-07-06	0	16.59006
2595	08006	2013-07-06	1	15.96402
2595	08006	2013-07-06	2	15.96402
2595	08006	2013-07-06	3	13.45986
2595	08006	2013-07-06	4	13.146840000000001
2595	08006	2013-07-06	5	13.45986
2595	08006	2013-07-06	6	16.27704
2595	08006	2013-07-06	7	21.59838
2595	08006	2013-07-06	8	25.35462
2595	08006	2013-07-06	9	21.9114
2595	08006	2013-07-06	10	21.28536
2595	08006	2013-07-06	11	15.964020000000001
2595	08006	2013-07-06	12	13.146840000000001
2595	08006	2013-07-06	13	12.833820000000001
2595	08006	2013-07-06	14	12.5208
2595	08006	2013-07-06	15	13.146840000000001
2595	08006	2013-07-06	16	12.833820000000001
2595	08006	2013-07-06	17	14.0859
2595	08006	2013-07-06	18	16.59006
2595	08006	2013-07-06	19	15.33798
2595	08006	2013-07-06	20	16.27704
2595	08006	2013-07-06	21	17.216099999999997
2595	08006	2013-07-07	0	14.9055
2595	08006	2013-07-07	1	16.09794
2595	08006	2013-07-07	2	14.9055
2595	08006	2013-07-07	3	15.79983
2595	08006	2013-07-07	4	13.71306
2595	08006	2013-07-07	5	11.9244
2595	08006	2013-07-07	6	11.924399999999999
2595	08006	2013-07-07	7	12.52062
2595	08006	2013-07-07	8	12.22251
2595	08006	2013-07-07	9	11.9244
2595	08006	2013-07-07	10	11.924399999999999
2595	08006	2013-07-07	11	12.22251
2595	08006	2013-07-07	12	12.22251
2595	08006	2013-07-07	13	15.501719999999999
2595	08006	2013-07-07	14	14.9055
2595	08006	2013-07-07	15	11.62629
2595	08006	2013-07-07	16	11.62629
2595	08006	2013-07-07	17	11.9244
2595	08006	2013-07-07	18	11.9244
2595	08006	2013-07-07	19	13.11684
2595	08006	2013-07-07	20	11.9244
2595	08006	2013-07-07	21	15.50172
2595	08006	2013-07-07	22	15.79983
2595	08006	2013-07-07	23	15.20361
2595	08006	2013-07-08	0	14.790000000000001
2595	08006	2013-07-08	1	14.4942
2595	08006	2013-07-08	2	15.677400000000002
2595	08006	2013-07-08	3	15.6774
2595	08006	2013-07-08	4	13.311
2595	08006	2013-07-08	5	11.832
2595	08006	2013-07-08	6	13.311
2595	08006	2013-07-08	7	23.368199999999998
2595	08006	2013-07-08	8	34.017
2595	08006	2013-07-08	9	53.5398
2595	08006	2013-07-08	10	56.4978
2595	08006	2013-07-08	11	54.1314
2595	08006	2013-07-08	12	52.9482
2595	08006	2013-07-08	13	57.3852
2595	08006	2013-07-08	14	54.1314
2595	08006	2013-07-08	15	51.4692
2595	08006	2013-07-08	16	46.144800000000004
2595	08006	2013-07-08	17	29.8758
2595	08006	2013-07-08	18	15.6774
2595	08006	2013-07-08	19	15.085799999999999
2595	08006	2013-07-08	20	13.6068
2595	08006	2013-07-08	21	16.8606
2595	08006	2013-07-08	22	17.1564
2595	08006	2013-07-08	23	17.4522
2595	08006	2013-07-09	0	17.85762
2595	08006	2013-07-09	1	17.24184
2595	08006	2013-07-09	2	17.24184
2595	08006	2013-07-09	3	17.549730000000004
2595	08006	2013-07-09	4	15.3945
2595	08006	2013-07-09	5	14.162939999999999
2595	08006	2013-07-09	6	15.08661
2595	08006	2013-07-09	7	31.712670000000003
2595	08006	2013-07-09	8	40.64148
2595	08006	2013-07-09	9	58.19121
2595	08006	2013-07-09	10	61.27010999999999
2595	08006	2013-07-09	11	64.96479
2595	08006	2013-07-09	12	61.885889999999996
2595	08006	2013-07-09	13	60.96222
2595	08006	2013-07-09	14	60.34644
2595	08006	2013-07-09	15	62.19378
2595	08006	2013-07-09	16	49.2624
2595	08006	2013-07-09	17	32.63634
2595	08006	2013-07-09	18	14.77872
2595	08006	2013-07-09	19	15.3945
2595	08006	2013-07-09	20	16.933950000000003
2595	08006	2013-07-09	21	17.85762
2595	08006	2013-07-09	22	18.16551
2595	08006	2013-07-09	23	18.4734
2595	08006	2013-07-10	0	53.19444
2595	08006	2013-07-10	0	17.94132
2595	08006	2013-07-10	1	17.311799999999998
2595	08006	2013-07-10	1	55.083000000000006
2595	08006	2013-07-10	2	17.626559999999998
2595	08006	2013-07-10	2	61.06344
2595	08006	2013-07-10	3	59.8044
2595	08006	2013-07-10	3	17.94132
2595	08006	2013-07-10	4	15.42324
2595	08006	2013-07-10	4	62.00772
2595	08006	2013-07-10	5	56.971560000000004
2595	08006	2013-07-10	5	14.164200000000001
2595	08006	2013-07-10	6	48.787800000000004
2595	08006	2013-07-10	6	15.42324
2595	08006	2013-07-10	7	24.86604
2595	08006	2013-07-10	7	45.01068000000001
2595	08006	2013-07-10	8	27.38412
2595	08006	2013-07-10	8	36.512159999999994
2595	08006	2013-07-10	9	16.997040000000002
2595	08006	2013-07-10	10	15.10848
2595	08006	2013-07-10	11	17.94132
2595	08006	2013-07-10	12	18.25608
2595	08006	2013-07-10	13	18.25608
2595	08006	2013-07-11	0	16.75629
2595	08006	2013-07-11	1	16.46232
2595	08006	2013-07-11	2	17.93217
2595	08006	2013-07-11	3	16.75629
2595	08006	2013-07-11	4	15.58041
2595	08006	2013-07-11	5	13.22865
2595	08006	2013-07-11	6	15.58041
2595	08006	2013-07-11	7	29.98494
2595	08006	2013-07-11	8	50.26887
2595	08006	2013-07-11	9	62.90958
2595	08006	2013-07-11	10	69.96485999999999
2595	08006	2013-07-11	11	67.31913
2595	08006	2013-07-11	12	62.90958
2595	08006	2013-07-11	13	62.90958
2595	08006	2013-07-11	14	74.66838
2595	08006	2013-07-11	15	74.37441
2595	08006	2013-07-11	16	57.91209
2595	08006	2013-07-11	17	36.452279999999995
2595	08006	2013-07-11	18	24.105539999999998
2595	08006	2013-07-11	19	17.34423
2595	08006	2013-07-11	20	20.5779
2595	08006	2013-07-11	21	21.753780000000003
2595	08006	2013-07-11	22	20.283929999999998
2595	08006	2013-07-11	23	21.16584
2595	08006	2013-07-12	0	16.88148
2595	08006	2013-07-12	1	16.59042
2595	08006	2013-07-12	2	16.29936
2595	08006	2013-07-12	3	18.04572
2595	08006	2013-07-12	4	15.42618
2595	08006	2013-07-12	5	13.38876
2595	08006	2013-07-12	6	15.71724
2595	08006	2013-07-12	7	28.81494
2595	08006	2013-07-12	8	35.21826
2595	08006	2013-07-12	9	52.97292
2595	08006	2013-07-12	10	50.06232
2595	08006	2013-07-12	11	49.480199999999996
2595	08006	2013-07-12	12	45.98748
2595	08006	2013-07-12	13	44.823240000000006
2595	08006	2013-07-12	14	44.53218
2595	08006	2013-07-12	15	43.659
2595	08006	2013-07-12	16	35.800380000000004
2595	08006	2013-07-12	17	20.3742
2595	08006	2013-07-12	18	18.33678
2595	08006	2013-07-12	19	13.67982
2595	08006	2013-07-12	20	14.553
2595	08006	2013-07-12	21	16.59042
2595	08006	2013-07-12	22	16.29936
2595	08006	2013-07-12	23	15.71724
2595	08006	2013-07-13	0	16.69302
2595	08006	2013-07-13	1	15.52158
2595	08006	2013-07-13	2	15.52158
2595	08006	2013-07-13	3	16.1073
2595	08006	2013-07-13	4	15.52158
2595	08006	2013-07-13	5	12.30012
2595	08006	2013-07-13	6	12.59298
2595	08006	2013-07-13	7	11.421539999999998
2595	08006	2013-07-13	8	16.69302
2595	08006	2013-07-13	9	22.84308
2595	08006	2013-07-13	10	26.06454
2595	08006	2013-07-13	11	29.57886
2595	08006	2013-07-13	12	17.5716
2595	08006	2013-07-13	13	10.83582
2595	08006	2013-07-13	14	11.12868
2595	08006	2013-07-13	15	11.128680000000001
2595	08006	2013-07-13	16	11.7144
2595	08006	2013-07-13	17	12.00726
2595	08006	2013-07-13	18	12.592979999999999
2595	08006	2013-07-13	19	13.1787
2595	08006	2013-07-13	20	12.30012
2595	08006	2013-07-13	21	14.642999999999999
2595	08006	2013-07-13	22	14.935859999999998
2595	08006	2013-07-13	23	14.643
2595	08006	2013-07-14	0	12.466050000000001
2595	08006	2013-07-14	0	14.5944
2595	08006	2013-07-14	1	15.2025
2595	08006	2013-07-14	1	12.161999999999999
2595	08006	2013-07-14	2	11.85795
2595	08006	2013-07-14	2	15.2025
2595	08006	2013-07-14	3	14.29035
2595	08006	2013-07-14	3	15.8106
2595	08006	2013-07-14	4	14.29035
2595	08006	2013-07-14	4	16.11465
2595	08006	2013-07-14	5	16.72275
2595	08006	2013-07-14	5	11.5539
2595	08006	2013-07-14	6	11.85795
2595	08006	2013-07-14	7	11.5539
2595	08006	2013-07-14	8	11.24985
2595	08006	2013-07-14	9	12.7701
2595	08006	2013-07-14	10	11.24985
2595	08006	2013-07-14	11	11.85795
2595	08006	2013-07-14	12	13.68225
2595	08006	2013-07-14	13	13.3782
2595	08006	2013-07-14	14	13.68225
2595	08006	2013-07-14	15	14.5944
2595	08006	2013-07-14	16	13.682250000000002
2595	08006	2013-07-15	0	15.288
2595	08006	2013-07-15	1	14.406
2595	08006	2013-07-15	2	14.7
2595	08006	2013-07-15	3	14.994
2595	08006	2013-07-15	4	15.582
2595	08006	2013-07-15	5	11.466
2595	08006	2013-07-15	6	13.818000000000001
2595	08006	2013-07-15	7	27.636
2595	08006	2013-07-15	8	46.158
2595	08006	2013-07-15	9	66.44399999999999
2595	08006	2013-07-15	10	60.27
2595	08006	2013-07-15	11	59.682
2595	08006	2013-07-15	12	56.448
2595	08006	2013-07-15	13	57.036
2595	08006	2013-07-15	14	55.565999999999995
2595	08006	2013-07-15	15	55.566
2595	08006	2013-07-15	16	40.572
2595	08006	2013-07-15	17	26.46
2595	08006	2013-07-15	18	17.64
2595	08006	2013-07-15	19	15.582
2595	08006	2013-07-15	20	15.288
2595	08006	2013-07-15	21	19.404
2595	08006	2013-07-15	22	18.816
2595	08006	2013-07-15	23	14.994
2595	08006	2013-07-16	0	15.83088
2595	08006	2013-07-16	1	15.222000000000001
2595	08006	2013-07-16	2	15.526440000000001
2595	08006	2013-07-16	3	16.13532
2595	08006	2013-07-16	4	15.526439999999997
2595	08006	2013-07-16	5	12.1776
2595	08006	2013-07-16	6	14.61312
2595	08006	2013-07-16	7	28.31292
2595	08006	2013-07-16	8	40.79496
2595	08006	2013-07-16	9	55.71252
2595	08006	2013-07-16	10	58.45248
2595	08006	2013-07-16	11	49.92816
2595	08006	2013-07-16	12	44.75268
2595	08006	2013-07-16	13	47.797079999999994
2595	08006	2013-07-16	14	53.277
2595	08006	2013-07-16	15	55.10364
2595	08006	2013-07-16	16	49.319280000000006
2595	08006	2013-07-16	17	37.44612000000001
2595	08006	2013-07-16	18	22.22412
2595	08006	2013-07-16	19	15.526440000000001
2595	08006	2013-07-16	20	17.04864
2595	08006	2013-07-16	21	20.093040000000002
2595	08006	2013-07-16	22	18.266399999999997
2595	08006	2013-07-16	23	18.875280000000004
2595	08006	2013-07-17	0	16.95288
2595	08006	2013-07-17	1	15.74196
2595	08006	2013-07-17	2	17.25561
2595	08006	2013-07-17	3	16.65015
2595	08006	2013-07-17	4	15.439229999999998
2595	08006	2013-07-17	5	13.017389999999999
2595	08006	2013-07-17	6	14.833769999999998
2595	08006	2013-07-17	7	26.03478
2595	08006	2013-07-17	8	35.41941
2595	08006	2013-07-17	9	51.16137
2595	08006	2013-07-17	10	57.82143
2595	08006	2013-07-17	11	59.03235
2595	08006	2013-07-17	12	57.82143
2595	08006	2013-07-17	13	55.70232
2595	08006	2013-07-17	14	58.42689
2595	08006	2013-07-17	15	59.032349999999994
2595	08006	2013-07-17	16	48.739529999999995
2595	08006	2013-07-17	17	27.54843
2595	08006	2013-07-17	18	19.07199
2595	08006	2013-07-17	19	19.98018
2595	08006	2013-07-17	20	19.07199
2595	08006	2013-07-17	21	21.49383
2595	08006	2013-07-17	22	20.28291
2595	08006	2013-07-17	23	19.67745
2595	08006	2013-07-18	0	19.13472
2595	08006	2013-07-18	1	16.4439
2595	08006	2013-07-18	2	16.74288
2595	08006	2013-07-18	3	16.74288
2595	08006	2013-07-18	4	15.845939999999999
2595	08006	2013-07-18	5	13.4541
2595	08006	2013-07-18	6	14.65002
2595	08006	2013-07-18	7	22.12452
2595	08006	2013-07-18	8	31.691879999999998
2595	08006	2013-07-18	9	47.238839999999996
2595	08006	2013-07-18	10	46.93986
2595	08006	2013-07-18	11	45.14598
2595	08006	2013-07-18	12	47.238839999999996
2595	08006	2013-07-18	13	53.21844
2595	08006	2013-07-18	14	54.71334
2595	08006	2013-07-18	15	54.11538
2595	08006	2013-07-18	16	43.95006
2595	08006	2013-07-18	17	25.71228
2595	08006	2013-07-18	18	14.949
2595	08006	2013-07-18	19	18.53676
2595	08006	2013-07-18	20	16.14492
2595	08006	2013-07-18	21	16.4439
2595	08006	2013-07-18	22	16.14492
2595	08006	2013-07-18	23	16.4439
2595	08006	2013-07-19	0	16.25775
2595	08006	2013-07-19	0	16.25775
2595	08006	2013-07-19	1	16.25775
2595	08006	2013-07-19	2	18.09825
2595	08006	2013-07-19	3	15.030750000000001
2595	08006	2013-07-19	4	13.190249999999999
2595	08006	2013-07-19	5	13.497
2595	08006	2013-07-19	6	26.994
2595	08006	2013-07-19	7	42.331500000000005
2595	08006	2013-07-19	8	57.362249999999996
2595	08006	2013-07-19	9	57.36225
2595	08006	2013-07-19	10	59.5095
2595	08006	2013-07-19	11	55.52175
2595	08006	2013-07-19	12	54.29475
2595	08006	2013-07-19	13	54.29475
2595	08006	2013-07-19	14	56.74875
2595	08006	2013-07-19	15	41.41125
2595	08006	2013-07-19	16	29.75475
2595	08006	2013-07-19	17	19.32525
2595	08006	2013-07-19	18	17.7915
2595	08006	2013-07-19	19	16.25775
2595	08006	2013-07-19	20	18.405
2595	08006	2013-07-19	21	17.7915
2595	08006	2013-07-19	22	17.48475
2595	08006	2013-07-20	0	18.66375
2595	08006	2013-07-20	1	21.9225
2595	08006	2013-07-20	2	21.33
2595	08006	2013-07-20	3	22.21875
2595	08006	2013-07-20	4	19.5525
2595	08006	2013-07-20	5	12.73875
2595	08006	2013-07-20	6	13.6275
2595	08006	2013-07-20	7	13.33125
2595	08006	2013-07-20	8	21.62625
2595	08006	2013-07-20	9	25.18125
2595	08006	2013-07-20	10	25.181250000000002
2595	08006	2013-07-20	11	26.07
2595	08006	2013-07-20	12	19.256249999999998
2595	08006	2013-07-20	13	16.59
2595	08006	2013-07-20	14	15.10875
2595	08006	2013-07-20	15	13.33125
2595	08006	2013-07-20	16	13.33125
2595	08006	2013-07-20	17	13.035
2595	08006	2013-07-20	18	14.51625
2595	08006	2013-07-20	19	13.627500000000001
2595	08006	2013-07-20	20	13.627500000000001
2595	08006	2013-07-20	21	16.88625
2595	08006	2013-07-20	22	17.1825
2595	08006	2013-07-20	23	16.59
2595	08006	2013-07-21	0	17.89764
2595	08006	2013-07-21	1	17.28048
2595	08006	2013-07-21	2	16.971899999999998
2595	08006	2013-07-21	3	17.897640000000003
2595	08006	2013-07-21	4	16.04616
2595	08006	2013-07-21	5	13.57752
2595	08006	2013-07-21	6	14.503260000000001
2595	08006	2013-07-21	7	14.19468
2595	08006	2013-07-21	8	13.26894
2595	08006	2013-07-21	9	14.194680000000002
2595	08006	2013-07-21	10	13.8861
2595	08006	2013-07-21	11	13.57752
2595	08006	2013-07-21	12	15.429000000000002
2595	08006	2013-07-21	13	14.194680000000002
2595	08006	2013-07-21	14	13.57752
2595	08006	2013-07-21	15	13.886099999999999
2595	08006	2013-07-21	16	13.886099999999999
2595	08006	2013-07-21	17	14.503260000000001
2595	08006	2013-07-21	18	14.194680000000002
2595	08006	2013-07-21	19	13.8861
2595	08006	2013-07-21	20	15.429
2595	08006	2013-07-21	21	17.58906
2595	08006	2013-07-21	22	18.5148
2595	08006	2013-07-21	23	17.89764
2595	08006	2013-07-22	0	17.07255
2595	08006	2013-07-22	1	17.38296
2595	08006	2013-07-22	2	17.07255
2595	08006	2013-07-22	3	17.38296
2595	08006	2013-07-22	4	17.693369999999998
2595	08006	2013-07-22	5	13.96845
2595	08006	2013-07-22	6	15.5205
2595	08006	2013-07-22	7	24.832800000000002
2595	08006	2013-07-22	8	40.66371
2595	08006	2013-07-22	9	61.46118
2595	08006	2013-07-22	10	60.21954
2595	08006	2013-07-22	11	61.15077000000001
2595	08006	2013-07-22	12	61.461180000000006
2595	08006	2013-07-22	13	64.87568999999999
2595	08006	2013-07-22	14	64.25487
2595	08006	2013-07-22	15	57.73626
2595	08006	2013-07-22	16	47.49273
2595	08006	2013-07-22	17	28.247310000000002
2595	08006	2013-07-22	18	16.45173
2595	08006	2013-07-22	19	15.83091
2595	08006	2013-07-22	20	14.58927
2595	08006	2013-07-22	21	18.00378
2595	08006	2013-07-22	22	17.38296
2595	08006	2013-07-22	23	18.00378
2595	08006	2013-07-23	0	17.19135
2595	08006	2013-07-23	0	50.32377
2595	08006	2013-07-23	1	18.7542
2595	08006	2013-07-23	1	60.95115
2595	08006	2013-07-23	2	63.139140000000005
2595	08006	2013-07-23	2	17.81649
2595	08006	2013-07-23	3	18.44163
2595	08006	2013-07-23	3	59.07573
2595	08006	2013-07-23	4	17.19135
2595	08006	2013-07-23	4	57.825450000000004
2595	08006	2013-07-23	5	14.065650000000002
2595	08006	2013-07-23	5	61.263720000000006
2595	08006	2013-07-23	6	59.3883
2595	08006	2013-07-23	6	15.941070000000002
2595	08006	2013-07-23	7	27.19359
2595	08006	2013-07-23	7	52.511759999999995
2595	08006	2013-07-23	8	40.946670000000005
2595	08006	2013-07-23	9	23.130180000000003
2595	08006	2013-07-23	10	17.50392
2595	08006	2013-07-23	11	18.129060000000003
2595	08006	2013-07-23	12	18.7542
2595	08006	2013-07-23	13	21.25476
2595	08006	2013-07-23	14	20.94219
2595	08006	2013-07-24	0	18.272520000000004
2595	08006	2013-07-24	1	16.53228
2595	08006	2013-07-24	2	15.952199999999998
2595	08006	2013-07-24	3	16.53228
2595	08006	2013-07-24	4	15.662159999999998
2595	08006	2013-07-24	5	13.051800000000002
2595	08006	2013-07-24	6	14.211960000000001
2595	08006	2013-07-24	7	20.88288
2595	08006	2013-07-24	8	34.514759999999995
2595	08006	2013-07-24	9	51.33707999999999
2595	08006	2013-07-24	10	51.627120000000005
2595	08006	2013-07-24	11	52.2072
2595	08006	2013-07-24	12	49.01676
2595	08006	2013-07-24	13	51.33708
2595	08006	2013-07-24	14	53.36736
2595	08006	2013-07-24	15	51.62712
2595	08006	2013-07-24	16	37.12512
2595	08006	2013-07-24	17	29.004
2595	08006	2013-07-24	18	15.9522
2595	08006	2013-07-24	19	17.11236
2595	08006	2013-07-24	20	16.822319999999998
2595	08006	2013-07-24	21	18.8526
2595	08006	2013-07-24	22	15.08208
2595	08006	2013-07-24	23	15.952199999999998
2595	08006	2013-07-25	0	16.556099999999997
2595	08006	2013-07-25	1	15.954059999999998
2595	08006	2013-07-25	2	17.15814
2595	08006	2013-07-25	3	16.85712
2595	08006	2013-07-25	4	15.653039999999999
2595	08006	2013-07-25	5	12.642840000000001
2595	08006	2013-07-25	6	15.35202
2595	08006	2013-07-25	7	21.67344
2595	08006	2013-07-25	8	35.82138
2595	08006	2013-07-25	9	51.1734
2595	08006	2013-07-25	10	53.58156
2595	08006	2013-07-25	11	55.38768
2595	08006	2013-07-25	12	53.88258
2595	08006	2013-07-25	13	54.48462
2595	08006	2013-07-25	14	54.1836
2595	08006	2013-07-25	15	53.882580000000004
2595	08006	2013-07-25	16	44.550959999999996
2595	08006	2013-07-25	17	32.51016
2595	08006	2013-07-25	18	21.673440000000003
2595	08006	2013-07-25	19	18.36222
2595	08006	2013-07-25	20	18.36222
2595	08006	2013-07-25	21	17.76018
2595	08006	2013-07-25	22	16.85712
2595	08006	2013-07-25	23	18.0612
2595	08006	2013-07-26	0	16.91745
2595	08006	2013-07-26	1	17.53263
2595	08006	2013-07-26	2	16.917450000000002
2595	08006	2013-07-26	3	17.840220000000002
2595	08006	2013-07-26	4	16.91745
2595	08006	2013-07-26	5	14.76432
2595	08006	2013-07-26	6	15.99468
2595	08006	2013-07-26	7	22.454069999999998
2595	08006	2013-07-26	8	40.60188
2595	08006	2013-07-26	9	53.52065999999999
2595	08006	2013-07-26	10	54.44342999999999
2595	08006	2013-07-26	11	57.51933
2595	08006	2013-07-26	12	52.90548
2595	08006	2013-07-26	13	55.05861
2595	08006	2013-07-26	14	53.82825
2595	08006	2013-07-26	15	50.137170000000005
2595	08006	2013-07-26	16	37.21839
2595	08006	2013-07-26	17	35.37285
2595	08006	2013-07-26	18	19.99335
2595	08006	2013-07-26	19	17.22504
2595	08006	2013-07-26	20	15.07191
2595	08006	2013-07-26	21	17.840220000000002
2595	08006	2013-07-26	22	18.14781
2595	08006	2013-07-26	23	18.4554
2595	08006	2013-07-27	0	17.10882
2595	08006	2013-07-27	0	19.71864
2595	08006	2013-07-27	1	19.13868
2595	08006	2013-07-27	1	16.81884
2595	08006	2013-07-27	2	17.10882
2595	08006	2013-07-27	2	15.948900000000002
2595	08006	2013-07-27	3	16.23888
2595	08006	2013-07-27	3	19.71864
2595	08006	2013-07-27	4	15.948900000000002
2595	08006	2013-07-27	4	20.00862
2595	08006	2013-07-27	5	12.46914
2595	08006	2013-07-27	5	20.2986
2595	08006	2013-07-27	6	13.33908
2595	08006	2013-07-27	7	12.75912
2595	08006	2013-07-27	8	15.07896
2595	08006	2013-07-27	9	28.70802
2595	08006	2013-07-27	10	28.70802
2595	08006	2013-07-27	11	28.997999999999998
2595	08006	2013-07-27	12	16.81884
2595	08006	2013-07-27	13	12.759120000000001
2595	08006	2013-07-27	14	12.17916
2595	08006	2013-07-27	15	13.33908
2595	08006	2013-07-27	16	11.5992
2595	08006	2013-07-28	0	20.20416
2595	08006	2013-07-28	1	20.20416
2595	08006	2013-07-28	2	21.68976
2595	08006	2013-07-28	3	20.50128
2595	08006	2013-07-28	4	16.63872
2595	08006	2013-07-28	5	12.77616
2595	08006	2013-07-28	6	11.884799999999998
2595	08006	2013-07-28	7	16.93584
2595	08006	2013-07-28	8	16.93584
2595	08006	2013-07-28	9	18.71856
2595	08006	2013-07-28	10	16.63872
2595	08006	2013-07-28	11	18.42144
2595	08006	2013-07-28	12	17.8272
2595	08006	2013-07-28	13	16.93584
2595	08006	2013-07-28	14	17.232960000000002
2595	08006	2013-07-28	15	18.718560000000004
2595	08006	2013-07-28	16	17.53008
2595	08006	2013-07-28	17	17.530079999999998
2595	08006	2013-07-28	18	17.8272
2595	08006	2013-07-28	19	16.93584
2595	08006	2013-07-28	20	19.907040000000002
2595	08006	2013-07-28	21	21.09552
2595	08006	2013-07-28	22	20.20416
2595	08006	2013-07-28	23	21.09552
2595	08006	2013-07-29	0	21.56319
2595	08006	2013-07-29	1	21.563190000000002
2595	08006	2013-07-29	2	21.250680000000003
2595	08006	2013-07-29	3	18.43809
2595	08006	2013-07-29	4	15.938009999999998
2595	08006	2013-07-29	5	13.125419999999998
2595	08006	2013-07-29	6	20.31315
2595	08006	2013-07-29	7	38.12622
2595	08006	2013-07-29	8	45.626459999999994
2595	08006	2013-07-29	9	75.62742
2595	08006	2013-07-29	10	70.31475
2595	08006	2013-07-29	11	64.06455
2595	08006	2013-07-29	12	66.87714
2595	08006	2013-07-29	13	65.00208
2595	08006	2013-07-29	14	61.87698
2595	08006	2013-07-29	15	60.626940000000005
2595	08006	2013-07-29	16	47.189009999999996
2595	08006	2013-07-29	17	35.93865
2595	08006	2013-07-29	18	22.18821
2595	08006	2013-07-29	19	22.18821
2595	08006	2013-07-29	20	21.875700000000002
2595	08006	2013-07-29	21	22.50072
2595	08006	2013-07-29	22	23.12574
2595	08006	2013-07-29	23	23.43825
2595	08006	2013-07-30	0	22.681739999999998
2595	08006	2013-07-30	1	22.06872
2595	08006	2013-07-30	2	23.60127
2595	08006	2013-07-30	3	22.681739999999998
2595	08006	2013-07-30	4	21.76221
2595	08006	2013-07-30	5	19.31013
2595	08006	2013-07-30	6	21.4557
2595	08006	2013-07-30	7	30.651000000000003
2595	08006	2013-07-30	8	45.05697000000001
2595	08006	2013-07-30	9	60.68898
2595	08006	2013-07-30	10	53.639250000000004
2595	08006	2013-07-30	11	53.33274
2595	08006	2013-07-30	12	50.26764
2595	08006	2013-07-30	13	57.62388
2595	08006	2013-07-30	14	59.46294
2595	08006	2013-07-30	15	62.22153
2595	08006	2013-07-30	16	62.83455
2595	08006	2013-07-30	17	40.45932
2595	08006	2013-07-30	18	22.06872
2595	08006	2013-07-30	19	19.00362
2595	08006	2013-07-30	20	18.08409
2595	08006	2013-07-30	21	16.858050000000002
2595	08006	2013-07-30	22	16.551540000000003
2595	08006	2013-07-30	23	17.471069999999997
2595	08006	2013-07-31	0	16.00017
2595	08006	2013-07-31	1	16.30206
2595	08006	2013-07-31	2	15.69828
2595	08006	2013-07-31	3	16.60395
2595	08006	2013-07-31	4	16.30206
2595	08006	2013-07-31	5	12.37749
2595	08006	2013-07-31	6	16.00017
2595	08006	2013-07-31	7	22.943640000000002
2595	08006	2013-07-31	8	32.00034
2595	08006	2013-07-31	9	48.604290000000006
2595	08006	2013-07-31	10	53.73642
2595	08006	2013-07-31	11	51.3213
2595	08006	2013-07-31	12	53.736419999999995
2595	08006	2013-07-31	13	52.52886
2595	08006	2013-07-31	14	52.226969999999994
2595	08006	2013-07-31	15	52.83075
2595	08006	2013-07-31	16	49.20807
2595	08006	2013-07-31	17	33.811679999999996
2595	08006	2013-07-31	18	15.69828
2595	08006	2013-07-31	19	12.98127
2595	08006	2013-07-31	20	14.79261
2595	08006	2013-07-31	21	16.00017
2595	08006	2013-07-31	22	16.905839999999998
2595	08006	2013-07-31	23	16.30206
2595	08006	2013-08-01	0	15.550199999999998
2595	08006	2013-08-01	1	15.843599999999999
2595	08006	2013-08-01	2	15.5502
2595	08006	2013-08-01	3	15.256799999999998
2595	08006	2013-08-01	4	15.2568
2595	08006	2013-08-01	5	12.3228
2595	08006	2013-08-01	6	12.3228
2595	08006	2013-08-01	7	24.058799999999998
2595	08006	2013-08-01	8	31.1004
2595	08006	2013-08-01	9	49.878
2595	08006	2013-08-01	10	51.0516
2595	08006	2013-08-01	11	48.7044
2595	08006	2013-08-01	12	48.411
2595	08006	2013-08-01	13	52.5186
2595	08006	2013-08-01	14	51.345
2595	08006	2013-08-01	15	52.812
2595	08006	2013-08-01	16	40.7826
2595	08006	2013-08-01	17	31.6872
2595	08006	2013-08-01	18	15.550199999999998
2595	08006	2013-08-01	19	13.7898
2595	08006	2013-08-01	20	15.5502
2595	08006	2013-08-01	21	16.723799999999997
2595	08006	2013-08-01	22	16.4304
2595	08006	2013-08-01	23	16.137
2595	08006	2013-08-02	0	17.89686
2595	08006	2013-08-02	1	17.2689
2595	08006	2013-08-02	2	17.2689
2595	08006	2013-08-02	3	18.210839999999997
2595	08006	2013-08-02	4	18.52482
2595	08006	2013-08-02	5	13.81512
2595	08006	2013-08-02	6	16.32696
2595	08006	2013-08-02	7	24.17646
2595	08006	2013-08-02	8	35.47974
2595	08006	2013-08-02	9	43.9572
2595	08006	2013-08-02	10	53.3766
2595	08006	2013-08-02	11	49.60884
2595	08006	2013-08-02	12	47.724959999999996
2595	08006	2013-08-02	13	48.03894
2595	08006	2013-08-02	14	49.92282
2595	08006	2013-08-02	15	45.21312
2595	08006	2013-08-02	16	40.50342
2595	08006	2013-08-02	17	32.339940000000006
2595	08006	2013-08-02	18	21.9786
2595	08006	2013-08-02	19	20.09472
2595	08006	2013-08-02	20	21.036659999999998
2595	08006	2013-08-02	21	23.5485
2595	08006	2013-08-02	22	23.5485
2595	08006	2013-08-02	23	22.29258
2595	08006	2013-08-03	0	20.91447
2595	08006	2013-08-03	0	14.433930000000002
2595	08006	2013-08-03	1	12.96108
2595	08006	2013-08-03	1	20.91447
2595	08006	2013-08-03	2	20.91447
2595	08006	2013-08-03	2	14.13936
2595	08006	2013-08-03	3	17.6742
2595	08006	2013-08-03	3	16.49592
2595	08006	2013-08-03	4	19.44162
2595	08006	2013-08-03	4	16.201349999999998
2595	08006	2013-08-03	5	16.49592
2595	08006	2013-08-03	5	15.31764
2595	08006	2013-08-03	6	16.495919999999998
2595	08006	2013-08-03	7	18.55791
2595	08006	2013-08-03	8	25.92216
2595	08006	2013-08-03	9	32.697269999999996
2595	08006	2013-08-03	10	30.34071
2595	08006	2013-08-03	11	31.224420000000002
2595	08006	2013-08-03	12	21.209039999999998
2595	08006	2013-08-03	13	14.43393
2595	08006	2013-08-03	14	14.43393
2595	08006	2013-08-03	15	13.550220000000001
2595	08006	2013-08-03	16	13.550220000000001
2595	08006	2013-08-03	17	13.25565
2595	08006	2013-08-04	0	17.03271
2595	08006	2013-08-04	1	15.58926
2595	08006	2013-08-04	2	15.87795
2595	08006	2013-08-04	3	16.16664
2595	08006	2013-08-04	4	16.45533
2595	08006	2013-08-04	5	12.70236
2595	08006	2013-08-04	6	12.991050000000001
2595	08006	2013-08-04	7	14.434500000000002
2595	08006	2013-08-04	8	12.12498
2595	08006	2013-08-04	9	12.99105
2595	08006	2013-08-04	10	12.99105
2595	08006	2013-08-04	11	12.99105
2595	08006	2013-08-04	12	12.41367
2595	08006	2013-08-04	13	13.568430000000001
2595	08006	2013-08-04	14	12.702359999999999
2595	08006	2013-08-04	15	13.56843
2595	08006	2013-08-04	16	16.74402
2595	08006	2013-08-04	17	13.56843
2595	08006	2013-08-04	18	12.12498
2595	08006	2013-08-04	19	12.12498
2595	08006	2013-08-04	20	14.14581
2595	08006	2013-08-04	21	15.30057
2595	08006	2013-08-04	22	15.87795
2595	08006	2013-08-04	23	16.16664
2595	08006	2013-08-05	0	15.81414
2595	08006	2013-08-05	1	15.51576
2595	08006	2013-08-05	2	15.81414
2595	08006	2013-08-05	3	16.410899999999998
2595	08006	2013-08-05	4	15.51576
2595	08006	2013-08-05	5	15.21738
2595	08006	2013-08-05	6	16.11252
2595	08006	2013-08-05	7	21.78174
2595	08006	2013-08-05	8	35.208839999999995
2595	08006	2013-08-05	9	52.51488
2595	08006	2013-08-05	10	52.216499999999996
2595	08006	2013-08-05	11	53.410019999999996
2595	08006	2013-08-05	12	51.022980000000004
2595	08006	2013-08-05	13	52.51488
2595	08006	2013-08-05	14	54.00678
2595	08006	2013-08-05	15	57.58734
2595	08006	2013-08-05	16	41.474819999999994
2595	08006	2013-08-05	17	26.8542
2595	08006	2013-08-05	18	17.604419999999998
2595	08006	2013-08-05	19	17.60442
2595	08006	2013-08-05	20	16.11252
2595	08006	2013-08-05	21	19.09632
2595	08006	2013-08-05	22	17.604419999999998
2595	08006	2013-08-05	23	17.9028
2595	08006	2013-08-06	0	17.79597
2595	08006	2013-08-06	1	18.42039
2595	08006	2013-08-06	2	18.7326
2595	08006	2013-08-06	3	17.79597
2595	08006	2013-08-06	4	19.357020000000002
2595	08006	2013-08-06	5	15.610499999999998
2595	08006	2013-08-06	6	16.23492
2595	08006	2013-08-06	7	23.41575
2595	08006	2013-08-06	8	33.71868
2595	08006	2013-08-06	9	52.76349
2595	08006	2013-08-06	10	50.578019999999995
2595	08006	2013-08-06	11	55.88559
2595	08006	2013-08-06	12	61.19316
2595	08006	2013-08-06	13	52.451280000000004
2595	08006	2013-08-06	14	51.826859999999996
2595	08006	2013-08-06	15	47.14371
2595	08006	2013-08-06	16	43.08498
2595	08006	2013-08-06	17	30.59658
2595	08006	2013-08-06	18	16.85934
2595	08006	2013-08-06	19	14.36166
2595	08006	2013-08-06	20	17.48376
2595	08006	2013-08-06	21	17.79597
2595	08006	2013-08-06	22	18.42039
2595	08006	2013-08-06	23	17.17155
2595	08006	2013-08-07	0	17.15814
2595	08006	2013-08-07	1	17.158139999999996
2595	08006	2013-08-07	2	17.15814
2595	08006	2013-08-07	3	17.76018
2595	08006	2013-08-07	4	17.459159999999997
2595	08006	2013-08-07	5	14.44896
2595	08006	2013-08-07	6	15.051
2595	08006	2013-08-07	7	21.0714
2595	08006	2013-08-07	8	31.00506
2595	08006	2013-08-07	9	46.95912
2595	08006	2013-08-07	10	50.571360000000006
2595	08006	2013-08-07	11	49.6683
2595	08006	2013-08-07	12	48.1632
2595	08006	2013-08-07	13	46.95912
2595	08006	2013-08-07	14	48.76524
2595	08006	2013-08-07	15	52.97952
2595	08006	2013-08-07	16	43.34688
2595	08006	2013-08-07	17	34.01526
2595	08006	2013-08-07	18	19.566300000000002
2595	08006	2013-08-07	19	18.663240000000002
2595	08006	2013-08-07	20	19.5663
2595	08006	2013-08-07	21	21.37242
2595	08006	2013-08-07	22	21.0714
2595	08006	2013-08-07	23	21.0714
2595	08006	2013-08-08	0	21.07887
2595	08006	2013-08-08	0	20.76426
2595	08006	2013-08-08	1	21.39348
2595	08006	2013-08-08	1	21.39348
2595	08006	2013-08-08	2	18.8766
2595	08006	2013-08-08	3	17.61816
2595	08006	2013-08-08	4	28.3149
2595	08006	2013-08-08	5	36.80937
2595	08006	2013-08-08	6	45.93306
2595	08006	2013-08-08	7	49.07916
2595	08006	2013-08-08	8	56.6298
2595	08006	2013-08-08	9	53.169090000000004
2595	08006	2013-08-08	10	52.53987
2595	08006	2013-08-08	11	52.22526
2595	08006	2013-08-08	12	52.225260000000006
2595	08006	2013-08-08	13	49.07916
2595	08006	2013-08-08	14	42.47235
2595	08006	2013-08-08	15	29.88795
2595	08006	2013-08-08	16	21.39348
2595	08006	2013-08-08	17	21.07887
2595	08006	2013-08-08	18	22.966530000000002
2595	08006	2013-08-08	19	23.91036
2595	08006	2013-08-08	20	23.91036
2595	08006	2013-08-09	0	21.95424
2595	08006	2013-08-09	1	22.259159999999998
2595	08006	2013-08-09	2	21.95424
2595	08006	2013-08-09	3	21.3444
2595	08006	2013-08-09	4	22.259159999999998
2595	08006	2013-08-09	5	18.60012
2595	08006	2013-08-09	6	18.90504
2595	08006	2013-08-09	7	25.613280000000003
2595	08006	2013-08-09	8	37.505160000000004
2595	08006	2013-08-09	9	53.05608
2595	08006	2013-08-09	10	53.056079999999994
2595	08006	2013-08-09	11	50.006879999999995
2595	08006	2013-08-09	12	49.39704
2595	08006	2013-08-09	13	50.61672
2595	08006	2013-08-09	14	47.56752
2595	08006	2013-08-09	15	41.77404
2595	08006	2013-08-09	16	35.37072
2595	08006	2013-08-09	17	31.101840000000003
2595	08006	2013-08-09	18	17.07552
2595	08006	2013-08-09	19	14.331240000000001
2595	08006	2013-08-09	20	15.85584
2595	08006	2013-08-09	21	16.7706
2595	08006	2013-08-09	22	17.38044
2595	08006	2013-08-09	23	17.38044
2595	08006	2013-08-10	0	16.72275
2595	08006	2013-08-10	1	17.330849999999998
2595	08006	2013-08-10	2	16.72275
2595	08006	2013-08-10	3	16.72275
2595	08006	2013-08-10	4	16.4187
2595	08006	2013-08-10	5	13.3782
2595	08006	2013-08-10	6	13.68225
2595	08006	2013-08-10	7	13.68225
2595	08006	2013-08-10	8	24.324
2595	08006	2013-08-10	9	33.445499999999996
2595	08006	2013-08-10	10	30.10095
2595	08006	2013-08-10	11	32.8374
2595	08006	2013-08-10	12	28.27665
2595	08006	2013-08-10	13	15.50655
2595	08006	2013-08-10	14	15.50655
2595	08006	2013-08-10	15	15.8106
2595	08006	2013-08-10	16	14.5944
2595	08006	2013-08-10	17	14.29035
2595	08006	2013-08-10	18	13.68225
2595	08006	2013-08-10	19	13.07415
2595	08006	2013-08-10	20	16.4187
2595	08006	2013-08-10	21	16.11465
2595	08006	2013-08-10	22	17.0268
2595	08006	2013-08-10	23	16.4187
2595	08006	2013-08-11	0	16.75404
2595	08006	2013-08-11	1	15.823260000000001
2595	08006	2013-08-11	2	16.75404
2595	08006	2013-08-11	3	17.0643
2595	08006	2013-08-11	4	17.37456
2595	08006	2013-08-11	5	14.582220000000001
2595	08006	2013-08-11	6	13.34118
2595	08006	2013-08-11	7	13.34118
2595	08006	2013-08-11	8	13.030919999999998
2595	08006	2013-08-11	9	13.030919999999998
2595	08006	2013-08-11	10	14.27196
2595	08006	2013-08-11	11	14.27196
2595	08006	2013-08-11	12	14.58222
2595	08006	2013-08-11	13	14.58222
2595	08006	2013-08-11	14	14.27196
2595	08006	2013-08-11	15	13.9617
2595	08006	2013-08-11	16	14.27196
2595	08006	2013-08-11	17	14.58222
2595	08006	2013-08-11	18	13.34118
2595	08006	2013-08-11	19	14.58222
2595	08006	2013-08-11	20	19.23612
2595	08006	2013-08-11	21	22.02846
2595	08006	2013-08-11	22	23.2695
2595	08006	2013-08-11	23	22.648979999999998
2595	08006	2013-08-12	0	21.4278
2595	08006	2013-08-12	0	56.7384
2595	08006	2013-08-12	1	21.4278
2595	08006	2013-08-12	1	56.1348
2595	08006	2013-08-12	2	57.0402
2595	08006	2013-08-12	2	22.3332
2595	08006	2013-08-12	3	21.7296
2595	08006	2013-08-12	3	51.0042
2595	08006	2013-08-12	4	21.4278
2595	08006	2013-08-12	4	51.9096
2595	08006	2013-08-12	5	18.7116
2595	08006	2013-08-12	5	44.9682
2595	08006	2013-08-12	6	34.1034
2595	08006	2013-08-12	6	19.0134
2595	08006	2013-08-12	7	22.634999999999998
2595	08006	2013-08-12	7	24.144
2595	08006	2013-08-12	8	19.617
2595	08006	2013-08-12	8	34.707
2595	08006	2013-08-12	9	55.833
2595	08006	2013-08-12	9	16.2972
2595	08006	2013-08-12	10	16.9008
2595	08006	2013-08-12	11	17.2026
2595	08006	2013-08-12	12	17.8062
2595	08006	2013-08-13	0	16.6554
2595	08006	2013-08-13	1	17.8242
2595	08006	2013-08-13	2	16.070999999999998
2595	08006	2013-08-13	3	16.947599999999998
2595	08006	2013-08-13	4	17.239800000000002
2595	08006	2013-08-13	5	14.025599999999999
2595	08006	2013-08-13	6	16.071
2595	08006	2013-08-13	7	25.1292
2595	08006	2013-08-13	8	28.3434
2595	08006	2013-08-13	9	48.7974
2595	08006	2013-08-13	10	47.9208
2595	08006	2013-08-13	11	51.71939999999999
2595	08006	2013-08-13	12	52.0116
2595	08006	2013-08-13	13	54.057
2595	08006	2013-08-13	14	52.8882
2595	08006	2013-08-13	15	49.0896
2595	08006	2013-08-13	16	44.1222
2595	08006	2013-08-13	17	28.927799999999998
2595	08006	2013-08-13	18	20.1618
2595	08006	2013-08-13	19	18.4086
2595	08006	2013-08-13	20	21.0384
2595	08006	2013-08-13	21	18.7008
2595	08006	2013-08-13	22	16.9476
2595	08006	2013-08-13	23	17.532
2595	08006	2013-08-14	0	17.43828
2595	08006	2013-08-14	1	17.438280000000002
2595	08006	2013-08-14	2	18.0396
2595	08006	2013-08-14	3	18.0396
2595	08006	2013-08-14	4	17.137620000000002
2595	08006	2013-08-14	5	15.934980000000001
2595	08006	2013-08-14	6	15.333660000000002
2595	08006	2013-08-14	7	27.96138
2595	08006	2013-08-14	8	39.68712
2595	08006	2013-08-14	9	47.50428
2595	08006	2013-08-14	10	49.909560000000006
2595	08006	2013-08-14	11	49.30824
2595	08006	2013-08-14	12	49.007580000000004
2595	08006	2013-08-14	13	47.20362
2595	08006	2013-08-14	14	47.20362
2595	08006	2013-08-14	15	49.30824
2595	08006	2013-08-14	16	37.5825
2595	08006	2013-08-14	17	33.0726
2595	08006	2013-08-14	18	21.34686
2595	08006	2013-08-14	19	16.5363
2595	08006	2013-08-14	20	18.941580000000002
2595	08006	2013-08-14	21	19.24224
2595	08006	2013-08-14	22	20.144219999999997
2595	08006	2013-08-14	23	18.941580000000002
2595	08006	2013-08-15	0	16.65048
2595	08006	2013-08-15	1	15.75849
2595	08006	2013-08-15	2	15.75849
2595	08006	2013-08-15	3	16.35315
2595	08006	2013-08-15	4	16.05582
2595	08006	2013-08-15	5	13.67718
2595	08006	2013-08-15	6	15.46116
2595	08006	2013-08-15	7	22.59708
2595	08006	2013-08-15	8	33.89562
2595	08006	2013-08-15	9	47.27547
2595	08006	2013-08-15	10	52.330079999999995
2595	08006	2013-08-15	11	53.5194
2595	08006	2013-08-15	12	51.43809
2595	08006	2013-08-15	13	52.92474
2595	08006	2013-08-15	14	51.735420000000005
2595	08006	2013-08-15	15	48.762119999999996
2595	08006	2013-08-15	16	46.68081
2595	08006	2013-08-15	17	31.21965
2595	08006	2013-08-15	18	20.218439999999998
2595	08006	2013-08-15	19	19.62378
2595	08006	2013-08-15	20	16.35315
2595	08006	2013-08-15	21	16.35315
2595	08006	2013-08-15	22	17.24514
2595	08006	2013-08-15	23	17.54247
2595	08006	2013-08-16	0	17.039550000000002
2595	08006	2013-08-16	0	16.11012
2595	08006	2013-08-16	1	13.01202
2595	08006	2013-08-16	1	17.65917
2595	08006	2013-08-16	2	17.968980000000002
2595	08006	2013-08-16	2	16.72974
2595	08006	2013-08-16	3	17.34936
2595	08006	2013-08-16	3	16.72974
2595	08006	2013-08-16	4	17.34936
2595	08006	2013-08-16	4	16.72974
2595	08006	2013-08-16	5	17.039550000000002
2595	08006	2013-08-16	5	15.180690000000002
2595	08006	2013-08-16	6	15.80031
2595	08006	2013-08-16	7	22.92594
2595	08006	2013-08-16	8	41.20473
2595	08006	2013-08-16	9	52.6677
2595	08006	2013-08-16	10	54.21675
2595	08006	2013-08-16	11	48.94998
2595	08006	2013-08-16	12	50.18922
2595	08006	2013-08-16	13	50.18922
2595	08006	2013-08-16	14	50.499030000000005
2595	08006	2013-08-16	15	45.85188
2595	08006	2013-08-16	16	39.03606
2595	08006	2013-08-17	0	16.1862
2595	08006	2013-08-17	1	16.1862
2595	08006	2013-08-17	2	17.4078
2595	08006	2013-08-17	3	16.797
2595	08006	2013-08-17	4	16.1862
2595	08006	2013-08-17	5	14.3538
2595	08006	2013-08-17	6	13.4376
2595	08006	2013-08-17	7	13.743
2595	08006	2013-08-17	8	19.851
2595	08006	2013-08-17	9	30.54
2595	08006	2013-08-17	10	29.9292
2595	08006	2013-08-17	11	29.3184
2595	08006	2013-08-17	12	20.7672
2595	08006	2013-08-17	13	18.6294
2595	08006	2013-08-17	14	18.323999999999998
2595	08006	2013-08-17	15	18.9348
2595	08006	2013-08-17	16	20.4618
2595	08006	2013-08-17	17	14.0484
2595	08006	2013-08-17	18	13.742999999999999
2595	08006	2013-08-17	19	13.4376
2595	08006	2013-08-17	20	16.1862
2595	08006	2013-08-17	21	17.407799999999998
2595	08006	2013-08-17	22	17.1024
2595	08006	2013-08-17	23	16.1862
2595	08006	2013-08-18	0	16.71678
2595	08006	2013-08-18	1	17.33592
2595	08006	2013-08-18	2	17.645490000000002
2595	08006	2013-08-18	3	17.02635
2595	08006	2013-08-18	4	18.883770000000002
2595	08006	2013-08-18	5	14.85936
2595	08006	2013-08-18	6	13.311509999999998
2595	08006	2013-08-18	7	13.62108
2595	08006	2013-08-18	8	13.31151
2595	08006	2013-08-18	9	13.31151
2595	08006	2013-08-18	10	13.93065
2595	08006	2013-08-18	11	14.85936
2595	08006	2013-08-18	12	13.93065
2595	08006	2013-08-18	13	13.62108
2595	08006	2013-08-18	14	14.85936
2595	08006	2013-08-18	15	14.24022
2595	08006	2013-08-18	16	14.24022
2595	08006	2013-08-18	17	14.24022
2595	08006	2013-08-18	18	14.240219999999999
2595	08006	2013-08-18	19	14.24022
2595	08006	2013-08-18	20	17.02635
2595	08006	2013-08-18	21	16.71678
2595	08006	2013-08-18	22	17.02635
2595	08006	2013-08-18	23	17.645490000000002
2595	08006	2013-08-19	0	17.45742
2595	08006	2013-08-19	1	16.85544
2595	08006	2013-08-19	2	16.554450000000003
2595	08006	2013-08-19	3	16.85544
2595	08006	2013-08-19	4	16.554450000000003
2595	08006	2013-08-19	5	14.44752
2595	08006	2013-08-19	6	15.651480000000001
2595	08006	2013-08-19	7	22.87524
2595	08006	2013-08-19	8	32.20593
2595	08006	2013-08-19	9	51.77028
2595	08006	2013-08-19	10	52.07127
2595	08006	2013-08-19	11	52.372260000000004
2595	08006	2013-08-19	12	56.58612
2595	08006	2013-08-19	13	53.57622
2595	08006	2013-08-19	14	54.78018
2595	08006	2013-08-19	15	53.87721
2595	08006	2013-08-19	16	43.643550000000005
2595	08006	2013-08-19	17	33.71088
2595	08006	2013-08-19	18	19.564349999999997
2595	08006	2013-08-19	19	18.96237
2595	08006	2013-08-19	20	16.85544
2595	08006	2013-08-19	21	16.554450000000003
2595	08006	2013-08-19	22	17.45742
2595	08006	2013-08-19	23	16.85544
2595	08006	2013-08-20	0	17.163299999999996
2595	08006	2013-08-20	1	19.035659999999996
2595	08006	2013-08-20	2	17.1633
2595	08006	2013-08-20	3	17.47536
2595	08006	2013-08-20	4	17.787419999999997
2595	08006	2013-08-20	5	15.915059999999999
2595	08006	2013-08-20	6	15.290939999999999
2595	08006	2013-08-20	7	23.71656
2595	08006	2013-08-20	8	34.01454
2595	08006	2013-08-20	9	50.86578
2595	08006	2013-08-20	10	51.489900000000006
2595	08006	2013-08-20	11	52.11402
2595	08006	2013-08-20	12	49.92959999999999
2595	08006	2013-08-20	13	55.23462
2595	08006	2013-08-20	14	53.986380000000004
2595	08006	2013-08-20	15	50.86578
2595	08006	2013-08-20	16	45.56076
2595	08006	2013-08-20	17	34.950720000000004
2595	08006	2013-08-20	18	22.78038
2595	08006	2013-08-20	19	20.595959999999998
2595	08006	2013-08-20	20	18.723599999999998
2595	08006	2013-08-20	21	17.47536
2595	08006	2013-08-20	22	16.539179999999998
2595	08006	2013-08-20	23	17.47536
2595	08006	2013-08-21	0	16.56144
2595	08006	2013-08-21	0	15.674219999999998
2595	08006	2013-08-21	1	16.56144
2595	08006	2013-08-21	2	17.44866
2595	08006	2013-08-21	3	16.265700000000002
2595	08006	2013-08-21	4	14.787000000000003
2595	08006	2013-08-21	5	16.56144
2595	08006	2013-08-21	6	30.16548
2595	08006	2013-08-21	7	34.601580000000006
2595	08006	2013-08-21	8	44.95248
2595	08006	2013-08-21	9	47.318400000000004
2595	08006	2013-08-21	10	49.092839999999995
2595	08006	2013-08-21	11	48.20562
2595	08006	2013-08-21	12	48.50136
2595	08006	2013-08-21	13	52.34598
2595	08006	2013-08-21	14	43.178039999999996
2595	08006	2013-08-21	15	39.62916
2595	08006	2013-08-21	16	26.02512
2595	08006	2013-08-21	17	20.11032
2595	08006	2013-08-21	18	20.7018
2595	08006	2013-08-21	19	17.44866
2595	08006	2013-08-21	20	16.85718
2595	08006	2013-08-21	21	16.56144
2595	08006	2013-08-22	0	16.76142
2595	08006	2013-08-22	1	15.87924
2595	08006	2013-08-22	2	15.87924
2595	08006	2013-08-22	3	16.173299999999998
2595	08006	2013-08-22	4	16.46736
2595	08006	2013-08-22	5	14.11488
2595	08006	2013-08-22	6	15.29112
2595	08006	2013-08-22	7	22.936679999999996
2595	08006	2013-08-22	8	32.05253999999999
2595	08006	2013-08-22	9	44.403059999999996
2595	08006	2013-08-22	10	41.46246
2595	08006	2013-08-22	11	41.75652
2595	08006	2013-08-22	12	42.05058
2595	08006	2013-08-22	13	41.1684
2595	08006	2013-08-22	14	41.75652
2595	08006	2013-08-22	15	41.46245999999999
2595	08006	2013-08-22	16	35.58126
2595	08006	2013-08-22	17	24.995099999999997
2595	08006	2013-08-22	18	17.6436
2595	08006	2013-08-22	19	15.87924
2595	08006	2013-08-22	20	17.6436
2595	08006	2013-08-22	21	19.1139
2595	08006	2013-08-22	22	18.525779999999997
2595	08006	2013-08-22	23	16.173299999999998
2595	08006	2013-08-23	0	16.31181
2595	08006	2013-08-23	1	16.31181
2595	08006	2013-08-23	2	17.54289
2595	08006	2013-08-23	3	16.31181
2595	08006	2013-08-23	4	16.00404
2595	08006	2013-08-23	5	15.388499999999999
2595	08006	2013-08-23	6	14.77296
2595	08006	2013-08-23	7	25.85268
2595	08006	2013-08-23	8	35.701319999999996
2595	08006	2013-08-23	9	47.08881
2595	08006	2013-08-23	10	46.78104
2595	08006	2013-08-23	11	52.3209
2595	08006	2013-08-23	12	56.014140000000005
2595	08006	2013-08-23	13	54.475289999999994
2595	08006	2013-08-23	14	54.47529
2595	08006	2013-08-23	15	36.00909
2595	08006	2013-08-23	16	9.54087
2595	08006	2013-08-23	17	0.0
2595	08006	2013-08-23	18	9.2331
2595	08006	2013-08-23	19	24.00606
2595	08006	2013-08-23	20	25.23714
2595	08006	2013-08-23	21	24.31383
2595	08006	2013-08-23	22	24.31383
2595	08006	2013-08-23	23	24.006059999999998
2595	08006	2013-08-24	0	24.105539999999998
2595	08006	2013-08-24	1	22.92966
2595	08006	2013-08-24	2	23.22363
2595	08006	2013-08-24	3	24.399510000000003
2595	08006	2013-08-24	4	22.92966
2595	08006	2013-08-24	5	22.04775
2595	08006	2013-08-24	6	19.98996
2595	08006	2013-08-24	7	20.5779
2595	08006	2013-08-24	8	21.16584
2595	08006	2013-08-24	9	20.87187
2595	08006	2013-08-24	10	21.45981
2595	08006	2013-08-24	11	19.40202
2595	08006	2013-08-24	12	17.638199999999998
2595	08006	2013-08-24	13	12.34674
2595	08006	2013-08-24	14	12.34674
2595	08006	2013-08-24	15	12.34674
2595	08006	2013-08-24	16	13.522620000000002
2595	08006	2013-08-24	17	13.22865
2595	08006	2013-08-24	18	12.64071
2595	08006	2013-08-24	19	13.52262
2595	08006	2013-08-24	20	14.992469999999999
2595	08006	2013-08-24	21	14.99247
2595	08006	2013-08-24	22	15.58041
2595	08006	2013-08-24	23	14.99247
2595	08006	2013-08-25	0	16.20528
2595	08006	2013-08-25	0	13.7592
2595	08006	2013-08-25	1	14.982240000000001
2595	08006	2013-08-25	1	16.51104
2595	08006	2013-08-25	2	15.59376
2595	08006	2013-08-25	2	13.7592
2595	08006	2013-08-25	3	16.20528
2595	08006	2013-08-25	3	13.7592
2595	08006	2013-08-25	4	12.841920000000002
2595	08006	2013-08-25	4	15.59376
2595	08006	2013-08-25	5	12.536159999999999
2595	08006	2013-08-25	5	13.7592
2595	08006	2013-08-25	6	14.67648
2595	08006	2013-08-25	6	12.536159999999999
2595	08006	2013-08-25	7	11.924639999999998
2595	08006	2013-08-25	7	12.536159999999999
2595	08006	2013-08-25	8	13.453439999999999
2595	08006	2013-08-25	8	12.84192
2595	08006	2013-08-25	9	12.2304
2595	08006	2013-08-25	10	16.51104
2595	08006	2013-08-25	11	15.59376
2595	08006	2013-08-25	12	15.59376
2595	08006	2013-08-25	13	16.51104
2595	08006	2013-08-26	0	14.619
2595	08006	2013-08-26	1	14.911380000000001
2595	08006	2013-08-26	2	15.203760000000003
2595	08006	2013-08-26	3	16.37328
2595	08006	2013-08-26	4	14.619
2595	08006	2013-08-26	5	15.203760000000003
2595	08006	2013-08-26	6	15.20376
2595	08006	2013-08-26	7	28.06848
2595	08006	2013-08-26	8	39.4713
2595	08006	2013-08-26	9	47.657939999999996
2595	08006	2013-08-26	10	48.82746
2595	08006	2013-08-26	11	54.090300000000006
2595	08006	2013-08-26	12	47.36556
2595	08006	2013-08-26	13	49.412220000000005
2595	08006	2013-08-26	14	45.61128
2595	08006	2013-08-26	15	43.27224
2595	08006	2013-08-26	16	34.500840000000004
2595	08006	2013-08-26	17	21.636120000000002
2595	08006	2013-08-26	18	14.911380000000001
2595	08006	2013-08-26	19	15.78852
2595	08006	2013-08-26	20	16.665660000000003
2595	08006	2013-08-26	21	15.496140000000002
2595	08006	2013-08-26	22	15.20376
2595	08006	2013-08-26	23	16.0809
2595	08006	2013-08-27	0	16.34724
2595	08006	2013-08-27	1	16.03287
2595	08006	2013-08-27	2	16.03287
2595	08006	2013-08-27	3	16.66161
2595	08006	2013-08-27	4	16.66161
2595	08006	2013-08-27	5	15.7185
2595	08006	2013-08-27	6	16.34724
2595	08006	2013-08-27	7	22.0059
2595	08006	2013-08-27	8	33.008849999999995
2595	08006	2013-08-27	9	54.386010000000006
2595	08006	2013-08-27	10	54.700379999999996
2595	08006	2013-08-27	11	49.98483
2595	08006	2013-08-27	12	46.21239
2595	08006	2013-08-27	13	49.670460000000006
2595	08006	2013-08-27	14	50.2992
2595	08006	2013-08-27	15	48.09861
2595	08006	2013-08-27	16	40.55373
2595	08006	2013-08-27	17	25.46397
2595	08006	2013-08-27	18	18.23346
2595	08006	2013-08-27	19	15.7185
2595	08006	2013-08-27	20	17.60472
2595	08006	2013-08-27	21	17.29035
2595	08006	2013-08-27	22	19.805310000000002
2595	08006	2013-08-27	23	17.91909
2595	08006	2013-08-28	0	16.9356
2595	08006	2013-08-28	1	17.24352
2595	08006	2013-08-28	2	16.9356
2595	08006	2013-08-28	3	16.627679999999998
2595	08006	2013-08-28	4	17.24352
2595	08006	2013-08-28	5	16.627679999999998
2595	08006	2013-08-28	6	16.627679999999998
2595	08006	2013-08-28	7	28.02072
2595	08006	2013-08-28	8	42.18504
2595	08006	2013-08-28	9	53.885999999999996
2595	08006	2013-08-28	10	56.65728
2595	08006	2013-08-28	11	54.80976
2595	08006	2013-08-28	12	52.65432
2595	08006	2013-08-28	13	52.65432
2595	08006	2013-08-28	14	51.114720000000005
2595	08006	2013-08-28	15	45.26424
2595	08006	2013-08-28	16	35.10288
2595	08006	2013-08-28	17	25.55736
2595	08006	2013-08-28	18	17.24352
2595	08006	2013-08-28	19	16.9356
2595	08006	2013-08-28	20	16.01184
2595	08006	2013-08-28	21	16.31976
2595	08006	2013-08-28	22	16.01184
2595	08006	2013-08-28	23	16.627679999999998
2595	08006	2013-08-29	0	15.540659999999999
2595	08006	2013-08-29	0	13.1949
2595	08006	2013-08-29	1	16.1271
2595	08006	2013-08-29	1	14.95422
2595	08006	2013-08-29	2	15.833879999999999
2595	08006	2013-08-29	2	16.42032
2595	08006	2013-08-29	3	15.540659999999999
2595	08006	2013-08-29	3	17.5932
2595	08006	2013-08-29	4	17.299979999999998
2595	08006	2013-08-29	4	15.540659999999999
2595	08006	2013-08-29	5	15.247440000000001
2595	08006	2013-08-29	5	14.07456
2595	08006	2013-08-29	6	14.661
2595	08006	2013-08-29	6	12.31524
2595	08006	2013-08-29	7	14.661000000000001
2595	08006	2013-08-29	8	21.698280000000004
2595	08006	2013-08-29	9	18.766080000000002
2595	08006	2013-08-29	10	18.47286
2595	08006	2013-08-29	11	16.713540000000002
2595	08006	2013-08-29	12	14.95422
2595	08006	2013-08-29	13	16.42032
2595	08006	2013-08-29	14	14.661
2595	08006	2013-08-29	15	13.488119999999999
2595	08006	2013-08-29	16	13.78134
2595	08006	2013-08-30	0	14.4
2595	08006	2013-08-30	1	14.4
2595	08006	2013-08-30	2	14.4
2595	08006	2013-08-30	3	15.552
2595	08006	2013-08-30	4	14.688
2595	08006	2013-08-30	5	13.823999999999998
2595	08006	2013-08-30	6	11.808
2595	08006	2013-08-30	7	15.264
2595	08006	2013-08-30	8	29.951999999999998
2595	08006	2013-08-30	9	38.592000000000006
2595	08006	2013-08-30	10	38.016000000000005
2595	08006	2013-08-30	11	36.576
2595	08006	2013-08-30	12	36.576
2595	08006	2013-08-30	13	36.576
2595	08006	2013-08-30	14	34.848
2595	08006	2013-08-30	15	32.832
2595	08006	2013-08-30	16	29.375999999999998
2595	08006	2013-08-30	17	19.872
2595	08006	2013-08-30	18	16.704
2595	08006	2013-08-30	19	19.008000000000003
2595	08006	2013-08-30	20	19.584
2595	08006	2013-08-30	21	18.432
2595	08006	2013-08-30	22	14.975999999999999
2595	08006	2013-08-30	23	14.688
2595	08006	2013-08-31	0	15.261
2595	08006	2013-08-31	1	15.56622
2595	08006	2013-08-31	2	16.48188
2595	08006	2013-08-31	3	15.261
2595	08006	2013-08-31	4	14.95578
2595	08006	2013-08-31	5	14.650559999999999
2595	08006	2013-08-31	6	12.2088
2595	08006	2013-08-31	7	12.2088
2595	08006	2013-08-31	8	15.87144
2595	08006	2013-08-31	9	22.58628
2595	08006	2013-08-31	10	23.196720000000003
2595	08006	2013-08-31	11	21.975839999999998
2595	08006	2013-08-31	12	20.14452
2595	08006	2013-08-31	13	14.955779999999999
2595	08006	2013-08-31	14	17.70276
2595	08006	2013-08-31	15	14.65056
2595	08006	2013-08-31	16	17.39754
2595	08006	2013-08-31	17	16.787100000000002
2595	08006	2013-08-31	18	17.39754
2595	08006	2013-08-31	19	16.48188
2595	08006	2013-08-31	20	16.48188
2595	08006	2013-08-31	21	15.56622
2595	08006	2013-08-31	22	15.56622
2595	08006	2013-08-31	23	15.261